3.900,30,116,49
B0,mixamorig_Hips,-1,0.9979329705238342,-0.050356000661849976,0.039914000779390335,0,0.05181200057268143,0.9979959726333618,-0.03633499890565872,0,-0.03800399973988533,0.03832700103521347,0.9985420107841492,0,-0.002644999884068966,0.8818510174751282,0.01933700032532215,1
B1,mixamorig_Spine,0,0.9977489709854126,-0.053341999650001526,-0.04064200073480606,0,0.05259700119495392,0.9984310269355774,-0.01920199953019619,0,0.0416020005941391,0.017021000385284424,0.9989889860153198,0,0,0.11168400198221207,-0.009050000458955765,1
B2,mixamorig_Spine1,1,0.9997199773788452,0.023584000766277313,-0.0018309999722987413,0,-0.023445000872015953,0.9981709718704224,0.05571400001645088,0,0.0031419999431818724,-0.05565499886870384,0.9984449744224548,0,0,0.13072499632835388,0,1
B3,mixamorig_Spine2,2,0.9997140169143677,0.023798000067472458,-0.0022750000935047865,0,-0.023634999990463257,0.9981729984283447,0.055612001568078995,0,0.003594999900087714,-0.0555419996380806,0.998449981212616,0,0,0.149399995803833,0,1
B4,mixamorig_Neck,3,0.9997829794883728,-0.020718999207019806,-0.002111000008881092,0,0.020684000104665756,0.9996680021286011,-0.015389000065624714,0,0.0024300001095980406,0.01534199994057417,0.999879002571106,0,0,0.16807499527931213,0,1
B5,mixamorig_Head,4,0.9855769872665405,0.13701100647449493,0.09933099895715714,0,-0.13305599987506866,0.9900659918785095,-0.045437999069690704,0,-0.10457000136375427,0.03156600147485733,0.9940159916877747,0,0,0.0061039999127388,0.0017030000453814864,1
B6,mixamorig_HeadTop_End,5,1,0,0,0,0,1,0,0,0,0,1,0,0,0.37451401352882385,0.10445500165224075,1
B7,mixamorig_LeftShoulder,3,-0.021553000435233116,0.016148999333381653,-0.9996370077133179,0,0.9221280217170715,-0.3860029876232147,-0.026117999106645584,0,-0.3862850069999695,-0.9223560094833374,-0.006572000216692686,0,0.07132100313901901,0.14723099768161774,-0.0013689999468624592,1
B8,mixamorig_LeftArm,7,0.9498670101165771,0.2736639976501465,-0.1511950045824051,0,-0.023605000227689743,0.5449770092964172,0.8381189703941345,0,0.3117600083351135,-0.7925329804420471,0.5241150259971619,0,0,0.14694300293922424,0,1
B9,mixamorig_LeftForeArm,8,0.9434509873390198,0.33090901374816895,0.01998800039291382,0,-0.33137398958206177,0.9430819749832153,0.02807999961078167,0,-0.00955899991095066,-0.03311600163578987,0.9994059801101685,0,0,0.33110299706459045,0,1
B10,mixamorig_LeftHand,9,0.9712809920310974,0.12063000351190567,0.20508700609207153,0,-0.14005400240421295,0.9866629838943481,0.08294700086116791,0,-0.1923460066318512,-0.10928799957036972,0.9752219915390015,0,0,0.2636969983577728,0,1
B11,mixamorig_LeftHandThumb1,10,0.9812819957733154,-0.09113699942827225,-0.16964499652385712,0,0.13749399781227112,0.9483669996261597,0.2858229875564575,0,0.13483600318431854,-0.30379799008369446,0.9431470036506653,0,-0.03330399841070175,0.04249899834394455,0.013031999580562115,1
B12,mixamorig_LeftHandThumb2,11,0.9723309874534607,-0.2227959930896759,0.07024700194597244,0,0.21999399363994598,0.9744409918785095,0.045478999614715576,0,-0.07858400046825409,-0.028767000883817673,0.9964920282363892,0,-0.005801999941468239,0.04405499994754791,0,1
B13,mixamorig_LeftHandThumb3,12,0.9964280128479004,-0.010924000293016434,0.08373100310564041,0,0.014665000140666962,0.99891597032547,-0.0441880002617836,0,-0.08315800130367279,0.04525800049304962,0.9955080151557922,0,-0.0008570000063627958,0.048542000353336334,0,1
B14,mixamorig_LeftHandThumb4,13,1,0,0,0,0,1,0,0,0,0,1,0,0.006657999940216541,0.03583800047636032,0,1
B15,mixamorig_LeftHandIndex1,10,0.952938973903656,-0.30177998542785645,-0.028900999575853348,0,0.28043898940086365,0.8412920236587524,0.4621480107307434,0,-0.1151529997587204,-0.4485050141811371,0.8863310217857361,0,-0.0277670007199049,0.11156299710273743,-0.0023719999007880688,1
B16,mixamorig_LeftHandIndex2,15,0.9974210262298584,-0.069022998213768,-0.019665999338030815,0,0.06906700134277344,0.8486210107803345,0.5244730114936829,0,-0.019511999562382698,-0.524478018283844,0.8511999845504761,0,0.00019700000120792538,0.04518600180745125,0,1
B17,mixamorig_LeftHandIndex3,16,0.9989629983901978,-0.04414299875497818,-0.011106999590992928,0,0.0446770004928112,0.9041550159454346,0.4248630106449127,0,-0.008712000213563442,-0.4249190092086792,0.9051899909973145,0,-0.00021300000662449747,0.04158100113272667,0,1
B18,mixamorig_LeftHandIndex4,17,1,0,0,0,0,1,0,0,0,0,1,0,0.00001700000029813964,0.02915799990296364,0,1
B19,mixamorig_LeftHandMiddle1,10,0.9507219791412354,-0.3053570091724396,-0.05371300131082535,0,0.2794260084629059,0.7688069939613342,0.5752009749412537,0,-0.13434599339962006,-0.561864972114563,0.8162469863891602,0,0.0277670007199049,0.10746400058269501,-0.003360999980941415,1
B20,mixamorig_LeftHandMiddle2,19,0.9984639883041382,-0.05357300117611885,-0.014152999967336655,0,0.051451001316308975,0.8015450239181519,0.5957159996032715,0,-0.020570000633597374,-0.5955290198326111,0.8030700087547302,0,0.0000940000027185306,0.048544999212026596,0,1
B21,mixamorig_LeftHandMiddle3,20,0.9970030188560486,-0.07349999994039536,-0.024157999083399773,0,0.07422199845314026,0.8205069899559021,0.5667970180511475,0,-0.02183699980378151,-0.5668910145759583,0.8235030174255371,0,0.00029299999005161226,0.04197299852967262,0,1
B22,mixamorig_LeftHandMiddle4,21,1,0,0,0,0,1,0,0,0,0,1,0,-0.0003859999997075647,0.028812000527977943,0,1
B23,mixamorig_RightShoulder,3,0.006938000209629536,-0.011141999624669552,0.9999139904975891,0,-0.9313870072364807,-0.36402198672294617,0.0024059999268501997,0,0.3639639914035797,-0.9313240051269531,-0.012903000228106976,0,-0.07132100313901901,0.14728300273418427,-0.002004999900236726,1
B24,mixamorig_RightArm,23,0.9842519760131836,-0.16154299676418304,0.07177899777889252,0,0.028881000354886055,0.5475519895553589,0.8362730145454407,0,-0.17439700663089752,-0.8210300207138062,0.5435940027236938,0,0,0.14694300293922424,0,1
B25,mixamorig_RightForeArm,24,0.9711509943008423,-0.2379329949617386,-0.01590299978852272,0,0.23823599517345428,0.9709780216217041,0.021105000749230385,0,0.010420000180602074,-0.024284999817609787,0.9996510148048401,0,0,0.33115899562835693,0,1
B26,mixamorig_RightHand,25,0.9508630037307739,-0.18570800125598907,-0.2477329969406128,0,0.22314800322055817,0.9657289981842041,0.13255800306797028,0,0.2146259993314743,-0.1813260018825531,0.9597169756889343,0,0,0.26368600130081177,0,1
B27,mixamorig_RightHandThumb1,26,0.9826430082321167,0.08233500272035599,0.16623400151729584,0,-0.12549500167369843,0.9549779891967773,0.26882800459861755,0,-0.13661600649356842,-0.2850239872932434,0.9487349987030029,0,0.03561900183558464,0.04505300149321556,0.014945999719202518,1
B28,mixamorig_RightHandThumb2,27,0.9975669980049133,0.05048200115561485,-0.04808200150728226,0,-0.049150001257658005,0.9983850121498108,0.028488999232649803,0,0.049442000687122345,-0.02605699934065342,0.9984369874000549,0,0.009889000095427036,0.046434998512268066,0,1
B29,mixamorig_RightHandThumb3,28,0.9756699800491333,-0.20705200731754303,-0.07208900153636932,0,0.2018900066614151,0.9766979813575745,-0.07281100004911423,0,0.08548499643802643,0.056485000997781754,0.9947370290756226,0,-0.000666000007186085,0.046466998755931854,0,1
B30,mixamorig_RightHandThumb4,29,1,0,0,0,0,1,0,0,0,0,1,0,-0.009223000146448612,0.02739799953997135,0,1
B31,mixamorig_RightHandIndex1,26,0.9569929838180542,0.288782000541687,0.027752000838518143,0,-0.2761940062046051,0.8776289820671082,0.39177098870277405,0,0.0887800008058548,-0.3825869858264923,0.9196439981460571,0,0.024302000179886818,0.10767599940299988,-0.0027620000764727592,1
B32,mixamorig_RightHandIndex2,31,0.9973940253257751,0.07078400254249573,0.013956000097095966,0,-0.07067699730396271,0.9197790026664734,0.3860200047492981,0,0.01448800042271614,-0.38600099086761475,0.9223849773406982,0,-0.00023400000645779073,0.04715700075030327,0,1
B33,mixamorig_RightHandIndex3,32,0.9981070160865784,0.06029900163412094,0.012114999815821648,0,-0.06065500155091286,0.9324079751968384,0.35628199577331543,0,0.010188000276684761,-0.35634198784828186,0.9343000054359436,0,0.00010699999984353781,0.042552001774311066,0,1
B34,mixamorig_RightHandIndex4,33,1,0,0,0,0,1,0,0,0,0,1,0,0.00012700000661425292,0.02932400070130825,0,1
B35,mixamorig_RightHandMiddle1,26,0.9509180188179016,0.306643009185791,0.04152199998497963,0,-0.2878980040550232,0.8275229930877686,0.481997013092041,0,0.11343999952077866,-0.4702939987182617,0.8751879930496216,0,-0.024302000179886818,0.10817400366067886,-0.006271000020205975,1
B36,mixamorig_RightHandMiddle2,35,0.9966740012168884,0.07861500233411789,0.021445000544190407,0,-0.07858200371265411,0.8576070070266724,0.5082669854164124,0,0.0215659998357296,-0.5082619786262512,0.8609330058097839,0,0.000052999999752501026,0.04823099821805954,0,1
B37,mixamorig_RightHandMiddle3,36,0.9962620139122009,0.08368299901485443,0.021422000601887703,0,-0.0838719978928566,0.8777599930763245,0.4717020094394684,0,0.020670000463724136,-0.47173601388931274,0.8814979791641235,0,-0.00011899999663000926,0.04431900009512901,0,1
B38,mixamorig_RightHandMiddle4,37,1,0,0,0,0,1,0,0,0,0,1,0,0.00006500000017695129,0.019222000613808632,0,1
B39,mixamorig_LeftUpLeg,0,-0.9808560013771057,-0.041457999497652054,0.1902720034122467,0,0.07195200026035309,-0.9850890040397644,0.15627799928188324,0,0.18095499277114868,0.16697600483894348,0.9692130088806152,0,0.0897890031337738,-0.062185999006032944,-0.016467999666929245,1
B40,mixamorig_LeftLeg,39,0.9807279706001282,0.16241300106048584,0.10860099643468857,0,-0.09052299708127975,0.8703190088272095,-0.48409798741340637,0,-0.1731410026550293,0.4649380147457123,0.8682479858398438,0,0,0.3986560106277466,0,1
B41,mixamorig_LeftFoot,40,0.9393470287322998,-0.20576399564743042,0.27438798546791077,0,-0.16369600594043732,0.4340440034866333,0.8858940005302429,0,-0.30138200521469116,-0.8770779967308044,0.3740350008010864,0,0,0.3349359929561615,0,1
B42,mixamorig_LeftToeBase,41,0.9646509885787964,0.02843400090932846,-0.2619920074939728,0,0.1678840070962906,0.7000100016593933,0.6941189765930176,0,0.20313400030136108,-0.71356600522995,0.6704919934272766,0,0,0.15895000100135803,0,1
B43,mixamorig_LeftToe_End,42,1,0,0,0,0,1,0,0,0,0,1,0,0,0.06252100318670273,0,1
B44,mixamorig_RightUpLeg,0,-0.9921410083770752,0.0648529976606369,-0.10700300335884094,0,-0.08120600134134293,-0.9843599796295166,0.15633800625801086,0,-0.09519000351428986,0.1637990027666092,0.9818900227546692,0,-0.0897890031337738,-0.062185999006032944,-0.0193099994212389,1
B45,mixamorig_RightLeg,44,0.9866859912872314,-0.04292900115251541,-0.15686699748039246,0,-0.012085000053048134,0.9425150156021118,-0.3339439928531647,0,0.16218599677085876,0.3313939869403839,0.9294480085372925,0,0,0.3985320031642914,0,1
B46,mixamorig_RightFoot,45,0.9908819794654846,0.12521600723266602,-0.04974599927663803,0,-0.02959899976849556,0.5624949932098389,0.8262709975242615,0,0.13144400715827942,-0.8172640204429626,0.5610719919204712,0,0,0.3349260091781616,0,1
B47,mixamorig_RightToeBase,46,0.9647570252418518,-0.0265749990940094,0.2617950141429901,0,-0.16883699595928192,0.7005839943885803,0.6933079957962036,0,-0.20183399319648743,-0.7130749821662903,0.6714069843292236,0,0,0.15814700722694397,0,1
B48,mixamorig_RightToe_End,47,1,0,0,0,0,1,0,0,0,0,1,0,0,0.062116000801324844,0,1
@40,0,1,2,3,4,5,7,8,9,10,11,12,13,15,16,17,19,20,21,23,24,25,26,27,28,29,31,32,33,35,36,37,39,40,41,42,44,45,46,47
K0,0.9979329705238342,-0.050355784595012665,0.03991382569074631,0,0.051812220364809036,0.9979959726333618,-0.03633454069495201,0,-0.038004178553819656,0.03832745552062988,0.9985420107841492,0,-0.002644999884068966,0.8818510174751282,0.01933700032532215,1,0.9977490305900574,-0.05334234982728958,-0.040641747415065765,0,0.052596647292375565,0.9984310269355774,-0.01920192316174507,0,0.041602250188589096,0.017021076753735542,0.9989889860153198,0,0,0.11168400198221207,-0.009050000458955765,1,0.99972003698349,0.023583799600601196,-0.0018312027677893639,0,-0.02344520576298237,0.9981709718704224,0.055713754147291183,0,0.00314179714769125,-0.05565524846315384,0.9984449744224548,0,0,0.13072499632835388,0,1,0.9997140169143677,0.023798128589987755,-0.002275349572300911,0,-0.02363487333059311,0.9981730580329895,0.05561184138059616,0,0.003594650188460946,-0.05554215982556343,0.998449981212616,0,0,0.149399995803833,0,1,0.9997829794883728,-0.02071894146502018,-0.00211142934858799,0,0.020684057846665382,0.9996680021286011,-0.01538901124149561,0,0.002429570769891143,0.015341989696025848,0.999879002571106,0,0,0.16807499527931213,0,1,0.9855769872665405,0.13701120018959045,0.09933114051818848,0,-0.13305579125881195,0.9900659918785095,-0.045437972992658615,0,-0.10456985235214233,0.03156602382659912,0.9940159916877747,0,0,0.0061039999127388,0.0017030000453814864,1,-0.02155275084078312,0.016149241477251053,-0.9996369481086731,0,0.9221279621124268,-0.3860028386116028,-0.026117589324712753,0,-0.3862845301628113,-0.922356128692627,-0.006572153884917498,0,0.07132100313901901,0.14723099768161774,-0.0013689999468624592,1,0.9498670697212219,0.27366405725479126,-0.1511944979429245,0,-0.02360490709543228,0.5449767112731934,0.8381190896034241,0,0.3117605149745941,-0.7925326824188232,0.5241151452064514,0,0,0.14694300293922424,0,1,0.9434510469436646,0.33090874552726746,0.01998833380639553,0,-0.3313741981983185,0.9430818557739258,0.02808014303445816,0,-0.009558665566146374,-0.033115848898887634,0.9994059205055237,0,0,0.33110299706459045,0,1,0.9712809920310974,0.12062964588403702,0.20508703589439392,0,-0.1400543600320816,0.9866629242897034,0.08294688910245895,0,-0.1923459768295288,-0.10928811132907867,0.9752219915390015,0,0,0.2636969983577728,0,1,0.9812820553779602,-0.09113737940788269,-0.16964466869831085,0,0.13749362528324127,0.9483671188354492,0.28582289814949036,0,0.134836345911026,-0.3037980794906616,0.9431469440460205,0,-0.03330399841070175,0.04249899834394455,0.013031999580562115,1,0.9723309874534607,-0.22279609739780426,0.07024696469306946,0,0.21999390423297882,0.9744410514831543,0.04547915235161781,0,-0.07858403027057648,-0.028766855597496033,0.9964920282363892,0,-0.005801999941468239,0.04405499994754791,0,1,0.9964280128479004,-0.010924273170530796,0.0837312564253807,0,0.014664728194475174,0.99891597032547,-0.04418797045946121,0,-0.08315776288509369,0.04525803029537201,0.9955080151557922,0,-0.0008570000063627958,0.048542000353336334,0,1,0.9529390335083008,-0.3017798066139221,-0.028900988399982452,0,0.2804391384124756,0.8412917256355286,0.4621484577655792,0,-0.1151529848575592,-0.44850456714630127,0.8863312005996704,0,-0.0277670007199049,0.11156299710273743,-0.0023719999007880688,1,0.9974210262298584,-0.06902314722537994,-0.019665876403450966,0,0.0690668448805809,0.8486211895942688,0.524472713470459,0,-0.01951187662780285,-0.5244783163070679,0.8511998057365417,0,0.00019700000120792538,0.04518600180745125,0,1,0.9989629983901978,-0.044142771512269974,-0.011107098311185837,0,0.044677235186100006,0.9041550159454346,0.4248631000518799,0,-0.008712098002433777,-0.4249189496040344,0.9051899909973145,0,-0.00021300000662449747,0.04158100113272667,0,1,0.9507219791412354,-0.3053569197654724,-0.053713370114564896,0,0.27942612767219543,0.7688071131706238,0.5752008557319641,0,-0.1343463659286499,-0.5618651509284973,0.8162468075752258,0,0.0277670007199049,0.10746400058269501,-0.003360999980941415,1,0.9984639883041382,-0.05357281118631363,-0.0141529506072402,0,0.0514511875808239,0.8015449643135071,0.5957159996032715,0,-0.020569950342178345,-0.5955290198326111,0.8030700087547302,0,0.0000940000027185306,0.048544999212026596,0,1,0.9970030784606934,-0.07349969446659088,-0.02415831945836544,0,0.07422231882810593,0.8205070495605469,0.5667969584465027,0,-0.021837320178747177,-0.5668911337852478,0.8235029578208923,0,0.00029299999005161226,0.04197299852967262,0,1,0.006937842816114426,-0.011142089031636715,0.9999139904975891,0,-0.9313869476318359,-0.3640221655368805,0.0024060863070189953,0,0.36396417021751404,-0.9313240051269531,-0.012903174385428429,0,-0.07132100313901901,0.14728300273418427,-0.002004999900236726,1,0.9842519164085388,-0.16154299676418304,0.07177919149398804,0,0.028880978003144264,0.5475518107414246,0.8362731337547302,0,-0.1743967980146408,-0.8210299611091614,0.5435941815376282,0,0,0.14694300293922424,0,1,0.9711509943008423,-0.23793287575244904,-0.015903063118457794,0,0.23823611438274384,0.9709780216217041,0.021105080842971802,0,0.010419936850667,-0.02428491786122322,0.9996510148048401,0,0,0.33115899562835693,0,1,0.9508629441261292,-0.18570826947689056,-0.247733011841774,0,0.22314773499965668,0.9657290577888489,0.13255815207958221,0,0.21462595462799072,-0.18132582306861877,0.9597169756889343,0,0,0.26368600130081177,0,1,0.9826429486274719,0.08233512192964554,0.1662341058254242,0,-0.12549488246440887,0.9549779295921326,0.26882827281951904,0,-0.13661591708660126,-0.2850237488746643,0.9487351179122925,0,0.03561900183558464,0.04505300149321556,0.014945999719202518,1,0.9975669980049133,0.0504818819463253,-0.048081737011671066,0,-0.049150120466947556,0.9983850121498108,0.02848927117884159,0,0.049442268908023834,-0.02605672925710678,0.9984369874000549,0,0.009889000095427036,0.046434998512268066,0,1,0.9756700396537781,-0.2070518136024475,-0.07208910584449768,0,0.20189021527767181,0.9766979813575745,-0.07281077653169632,0,0.08548490703105927,0.05648522451519966,0.9947370290756226,0,-0.000666000007186085,0.046466998755931854,0,1,0.9569929838180542,0.28878188133239746,0.02775219827890396,0,-0.27619412541389465,0.8776289224624634,0.3917710781097412,0,0.08878019452095032,-0.38258689641952515,0.9196439981460571,0,0.024302000179886818,0.10767599940299988,-0.0027620000764727592,1,0.9973940253257751,0.07078398764133453,0.013955802656710148,0,-0.0706770196557045,0.9197788834571838,0.3860202431678772,0,0.014487802982330322,-0.38600078225135803,0.9223850965499878,0,-0.00023400000645779073,0.04715700075030327,0,1,0.9981070756912231,0.0602993443608284,0.012114708311855793,0,-0.0606546588242054,0.9324080348014832,0.35628190636634827,0,0.010187707841396332,-0.356342077255249,0.9342999458312988,0,0.00010699999984353781,0.042552001774311066,0,1,0.9509180188179016,0.3066428303718567,0.04152228683233261,0,-0.28789815306663513,0.827522873878479,0.48199716210365295,0,0.11344029009342194,-0.470293790102005,0.8751879930496216,0,-0.024302000179886818,0.10817400366067886,-0.006271000020205975,1,0.9966740012168884,0.07861503958702087,0.021445032209157944,0,-0.07858197391033173,0.8576070666313171,0.5082669854164124,0,0.021566031500697136,-0.508262038230896,0.8609330058097839,0,0.000052999999752501026,0.04823099821805954,0,1,0.9962620139122009,0.08368304371833801,0.02142205648124218,0,-0.08387195318937302,0.8777599334716797,0.4717021584510803,0,0.020670056343078613,-0.4717359244823456,0.8814979791641235,0,-0.00011899999663000926,0.04431900009512901,0,1,-0.9808560013771057,-0.04145776107907295,0.19027160108089447,0,0.07195223867893219,-0.9850889444351196,0.15627771615982056,0,0.1809554100036621,0.16697628796100616,0.9692128300666809,0,0.0897890031337738,-0.062185999006032944,-0.016467999666929245,1,0.9807279109954834,0.16241340339183807,0.10860072821378708,0,-0.09052259474992752,0.8703188896179199,-0.4840982258319855,0,-0.17314130067825317,0.4649377763271332,0.8682480454444885,0,0,0.3986560106277466,0,1,0.939346969127655,-0.20576447248458862,0.27438798546791077,0,-0.1636964976787567,0.43404409289360046,0.8858938813209534,0,-0.3013819754123688,-0.8770779967308044,0.3740350604057312,0,0,0.3349359929561615,0,1,0.9646509289741516,0.02843407541513443,-0.2619921863079071,0,0.16788408160209656,0.7000102400779724,0.6941186785697937,0,0.20313379168510437,-0.7135663032531738,0.6704917550086975,0,0,0.15895000100135803,0,1,-0.9921408891677856,0.0648532435297966,-0.10700279474258423,0,-0.08120575547218323,-0.984359860420227,0.15633824467658997,0,-0.09519019722938538,0.1637987643480301,0.9818900227546692,0,-0.0897890031337738,-0.062185999006032944,-0.0193099994212389,1,0.9866859316825867,-0.0429287850856781,-0.15686729550361633,0,-0.012084784917533398,0.942514955997467,-0.3339441120624542,0,0.1621856838464737,0.33139386773109436,0.929448127746582,0,0,0.3985320031642914,0,1,0.9908819794654846,0.12521567940711975,-0.04974609240889549,0,-0.029599329456686974,0.5624949932098389,0.8262709975242615,0,0.13144391775131226,-0.8172639608383179,0.561072051525116,0,0,0.3349260091781616,0,1,0.9647570252418518,-0.02657489851117134,0.26179492473602295,0,-0.16883689165115356,0.7005839943885803,0.6933079957962036,0,-0.2018340677022934,-0.7130749225616455,0.6714069843292236,0,0,0.15814700722694397,0,1
K0.034,0.9979360103607178,-0.05055326968431473,0.03958861529827118,0,0.052003342658281326,0.9979797601699829,-0.03649701923131943,0,-0.03766360133886337,0.03848043829202652,0.9985490441322327,0,-0.002675155410543084,0.8818852305412292,0.019264111295342445,1,0.997735857963562,-0.053360871970653534,-0.040930137038230896,0,0.05264776200056076,0.9984451532363892,-0.0183077622205019,0,0.04184342548251152,0.016111433506011963,0.9989941120147705,0,0,0.11168400198221207,-0.009050000458955765,1,0.9997259974479675,0.02331082709133625,-0.0019106462132185698,0,-0.02317025326192379,0.9982123970985413,0.05508659407496452,0,0.0031913460697978735,-0.055027250200510025,0.9984793663024902,0,0,0.13072499632835388,0,1,0.99972003698349,0.023523397743701935,-0.002351357601583004,0,-0.023358644917607307,0.9982144236564636,0.05498458072543144,0,0.003640583250671625,-0.05491425842046738,0.9984843730926514,0,0,0.149399995803833,0,1,0.9998091459274292,-0.019417833536863327,-0.002190770348533988,0,0.01937909796833992,0.9996760487556458,-0.01649852842092514,0,0.002510427264496684,0.016452930867671967,0.9998619556427002,0,0,0.16807499527931213,0,1,0.9849202036857605,0.14039604365825653,0.10109742730855942,0,-0.1364516019821167,0.9896261096000671,-0.04496292024850845,0,-0.1063612625002861,0.030489979311823845,0.9938598871231079,0,0,0.0061039999127388,0.0017030000453814864,1,-0.020886532962322235,0.016208305954933167,-0.9996500611305237,0,0.9223104119300842,-0.38560670614242554,-0.025522848591208458,0,-0.38588571548461914,-0.9225212931632996,-0.0068950774148106575,0,0.07132100313901901,0.14723099768161774,-0.0013689999468624592,1,0.9478954672813416,0.281673789024353,-0.1488432139158249,0,-0.031414296478033066,0.5475689172744751,0.8361707329750061,0,0.31702932715415955,-0.7879267334938049,0.527886688709259,0,0,0.14694300293922424,0,1,0.9413720369338989,0.3367670774459839,0.020163778215646744,0,-0.3372407555580139,0.9409851431846619,0.02857733517885208,0,-0.009349900297820568,-0.03370192274451256,0.999387800693512,0,0,0.33110299706459045,0,1,0.9700583815574646,0.12213306128978729,0.20992757380008698,0,-0.1411862075328827,0.9868853092193604,0.07825340330600739,0,-0.19761726260185242,-0.10554932802915573,0.9745806455612183,0,0,0.2636969983577728,0,1,0.9812819361686707,-0.09113731235265732,-0.16964513063430786,0,0.13749369978904724,0.9483679533004761,0.28582245111465454,0,0.13483689725399017,-0.30379754304885864,0.9431471824645996,0,-0.03330399841070175,0.04249899834394455,0.013031999580562115,1,0.9723309874534607,-0.22279609739780426,0.07024696469306946,0,0.21999390423297882,0.9744410514831543,0.04547915235161781,0,-0.07858403027057648,-0.028766855597496033,0.9964920282363892,0,-0.005801999941468239,0.04405499994754791,0,1,0.9964280128479004,-0.01092431042343378,0.0837312564253807,0,0.014664681628346443,0.99891597032547,-0.044186972081661224,0,-0.08315777033567429,0.04525702819228172,0.9955080151557922,0,-0.0008570000063627958,0.048542000353336334,0,1,0.9529238939285278,-0.3018275499343872,-0.02892516367137432,0,0.2804357409477234,0.8410553932189941,0.462581068277359,0,-0.11529198288917542,-0.44891589879989624,0.8861044049263,0,-0.0277670007199049,0.11156299710273743,-0.0023719999007880688,1,0.997418999671936,-0.06904643774032593,-0.01968109793961048,0,0.06908989697694778,0.8484910130500793,0.5246807336807251,0,-0.0195280984044075,-0.5246862173080444,0.851071298122406,0,0.00019700000120792538,0.04518600180745125,0,1,0.9989629983901978,-0.04415520653128624,-0.011113276705145836,0,0.04468999430537224,0.9041016697883606,0.42497381567955017,0,-0.008717276155948639,-0.42502984404563904,0.9051376581192017,0,-0.00021300000662449747,0.04158100113272667,0,1,0.9507088661193848,-0.3053912818431854,-0.053738221526145935,0,0.27940481901168823,0.768528163433075,0.5755835771560669,0,-0.13447897136211395,-0.5622276067733765,0.81597501039505,0,0.0277670007199049,0.10746400058269501,-0.003360999980941415,1,0.9984620213508606,-0.05359439551830292,-0.014166017062962055,0,0.051470909267663956,0.8013860583305359,0.5959294438362122,0,-0.02058601751923561,-0.5957416892051697,0.8029117584228516,0,0.0000940000027185306,0.048544999212026596,0,1,0.9970020651817322,-0.07350901514291763,-0.024166924878954887,0,0.07423212379217148,0.8204346299171448,0.5669005513191223,0,-0.02184491790831089,-0.566994845867157,0.8234314322471619,0,0.00029299999005161226,0.04197299852967262,0,1,0.006036362145096064,-0.01116385217756033,0.999919056892395,0,-0.9310519099235535,-0.36488449573516846,0.0015467815101146698,0,0.3648377060890198,-0.9309858083724976,-0.01259670965373516,0,-0.07132100313901901,0.14728300273418427,-0.002004999900236726,1,0.9838801622390747,-0.1638888716697693,0.07155320048332214,0,0.030416157096624374,0.5476579666137695,0.8361496925354004,0,-0.17622226476669312,-0.820494532585144,0.5438145399093628,0,0,0.14694300293922424,0,1,0.971293568611145,-0.2373514026403427,-0.015890128910541534,0,0.23765388131141663,0.9711217880249023,0.021054744720458984,0,0.010433879680931568,-0.02422669343650341,0.9996520280838013,0,0,0.33115899562835693,0,1,0.9509817957878113,-0.18561922013759613,-0.24734459817409515,0,0.2231566458940506,0.965619683265686,0.13333760201931,0,0.21409086883068085,-0.18199829757213593,0.9597092866897583,0,0,0.26368600130081177,0,1,0.9826429486274719,0.08233512192964554,0.1662341058254242,0,-0.12549488246440887,0.9549779295921326,0.26882827281951904,0,-0.13661591708660126,-0.2850237488746643,0.9487351179122925,0,0.03561900183558464,0.04505300149321556,0.014945999719202518,1,0.9975669980049133,0.0504818819463253,-0.048081737011671066,0,-0.049150120466947556,0.9983850121498108,0.028489267453551292,0,0.049442268908023834,-0.026056725531816483,0.9984369874000549,0,0.009889000095427036,0.046434998512268066,0,1,0.9756700396537781,-0.2070518136024475,-0.07208910584449768,0,0.20189021527767181,0.9766979813575745,-0.07281076908111572,0,0.08548490703105927,0.056485217064619064,0.9947370290756226,0,-0.000666000007186085,0.046466998755931854,0,1,0.9569850564002991,0.28880488872528076,0.027762005105614662,0,-0.27620550990104675,0.8775622844696045,0.3919123113155365,0,0.08882329612970352,-0.38272225856781006,0.9195834398269653,0,0.024302000179886818,0.10767599940299988,-0.0027620000764727592,1,0.997393012046814,0.0707952082157135,0.013960191048681736,0,-0.07068800181150436,0.9197497963905334,0.38608643412590027,0,0.014493190683424473,-0.38606685400009155,0.9223566651344299,0,-0.00023400000645779073,0.04715700075030327,0,1,0.998106062412262,0.06030486524105072,0.012116853147745132,0,-0.06066025421023369,0.9323949217796326,0.3563153147697449,0,0.010189851745963097,-0.35637539625167847,0.9342868328094482,0,0.00010699999984353781,0.042552001774311066,0,1,0.9509119391441345,0.3066621422767639,0.04153420403599739,0,-0.2879040241241455,0.8274472951889038,0.48212307691574097,0,0.11348147690296173,-0.4704141616821289,0.8751182556152344,0,-0.024302000179886818,0.10817400366067886,-0.006271000020205975,1,0.9966729879379272,0.07862603664398193,0.021451879292726517,0,-0.0785931870341301,0.8575656414031982,0.5083336234092712,0,0.021571878343820572,-0.5083286762237549,0.860892653465271,0,0.000052999999752501026,0.04823099821805954,0,1,0.9962620139122009,0.08368812501430511,0.021424978971481323,0,-0.08387698978185654,0.8777416944503784,0.47173449397087097,0,0.02067297138273716,-0.4717680811882019,0.8814799785614014,0,-0.00011899999663000926,0.04431900009512901,0,1,-0.9808019995689392,-0.04185909032821655,0.19046266376972198,0,0.07237312942743301,-0.9850705862045288,0.1561962515115738,0,0.18108084797859192,0.16698187589645386,0.9691882729530334,0,0.0897890031337738,-0.062185999006032944,-0.016467999666929245,1,0.9807525277137756,0.16219817101955414,0.10870017111301422,0,-0.0903000608086586,0.8703858256340027,-0.48401927947998047,0,-0.17311809957027435,0.4648873805999756,0.8682793974876404,0,0,0.3986560106277466,0,1,0.9395561814308167,-0.20549052953720093,0.27387434244155884,0,-0.16329899430274963,0.43411311507225037,0.8859344124794006,0,-0.30094361305236816,-0.877108633518219,0.37431731820106506,0,0,0.3349359929561615,0,1,0.9646499156951904,0.028440937399864197,-0.26199421286582947,0,0.16788487136363983,0.6999966502189636,0.6941324472427368,0,0.2031368911266327,-0.7135799527168274,0.6704771518707275,0,0,0.15895000100135803,0,1,-0.9921713471412659,0.06462671607732773,-0.10685703903436661,0,-0.0809113010764122,-0.9844581484794617,0.15586785972118378,0,-0.09512313455343246,0.16329368948936462,0.9819809794425964,0,-0.0897890031337738,-0.062185999006032944,-0.0193099994212389,1,0.9866769313812256,-0.04278915002942085,-0.1569647490978241,0,-0.012130990624427795,0.9427593350410461,-0.33325469493865967,0,0.16223955154418945,0.33071863651275635,0.9296791553497314,0,0,0.3985320031642914,0,1,0.9908697605133057,0.12510429322719574,-0.05024981126189232,0,-0.029172517359256744,0.5628484487533569,0.8260447978973389,0,0.13162490725517273,-0.8170377612113953,0.5613596439361572,0,0,0.3349260091781616,0,1,0.9647611379623413,-0.026540881022810936,0.26178666949272156,0,-0.1688360571861267,0.7006462216377258,0.6932447552680969,0,-0.20181921124458313,-0.7130147218704224,0.6714752912521362,0,0,0.15814700722694397,0,1
K0.067,0.997940182685852,-0.05082753300666809,0.03913964703679085,0,0.05227028205990791,0.9979555010795593,-0.03676585853099823,0,-0.03719092905521393,0.03873599320650101,0.9985572695732117,0,-0.0026927588041871786,0.8819164037704468,0.019159724935889244,1,0.9977260231971741,-0.05337369069457054,-0.0411670058965683,0,0.05270525440573692,0.998462438583374,-0.017155079171061516,0,0.042019348591566086,0.014946355484426022,0.9990052580833435,0,0,0.11168400198221207,-0.009050000458955765,1,0.9997330904006958,0.023023424670100212,-0.001985273789614439,0,-0.022881684824824333,0.9982619285583496,0.05431605502963066,0,0.0032323631457984447,-0.05425610393285751,0.9985217452049255,0,0,0.13072499632835388,0,1,0.9997271299362183,0.023233700543642044,-0.0024230501148849726,0,-0.023068273440003395,0.9982629418373108,0.054213929921388626,0,0.003678432432934642,-0.05414324998855591,0.9985267519950867,0,0,0.149399995803833,0,1,0.9998270869255066,-0.018491055816411972,-0.0021445676684379578,0,0.018452003598213196,0.9996851086616516,-0.016981730237603188,0,0.0024579016026109457,0.01693921722471714,0.9998530149459839,0,0,0.16807499527931213,0,1,0.9843583106994629,0.1430669128894806,0.10281795263290405,0,-0.13920213282108307,0.9892916679382324,-0.04386499151587486,0,-0.1079925075173378,0.028866374865174294,0.9937320947647095,0,0,0.0061039999127388,0.0017030000453814864,1,-0.020262857899069786,0.016385309398174286,-0.999660074710846,0,0.9218851923942566,-0.38665440678596497,-0.025024019181728363,0,-0.38693293929100037,-0.9220787286758423,-0.007270602975040674,0,0.07132100313901901,0.14723099768161774,-0.0013689999468624592,1,0.9463216662406921,0.2857755422592163,-0.15102382004261017,0,-0.033630914986133575,0.5517550110816956,0.8333282470703125,0,0.3214726746082306,-0.7835167050361633,0.5317480564117432,0,0,0.14694300293922424,0,1,0.9387834072113037,0.34390509128570557,0.02038378268480301,0,-0.3443886637687683,0.9383737444877625,0.02918330952525139,0,-0.009091315791010857,-0.03441673889756203,0.9993664622306824,0,0,0.33110299706459045,0,1,0.9691512584686279,0.12288245558738708,0.21365034580230713,0,-0.14129450917243958,0.9872646927833557,0.07310189306735992,0,-0.20194654166698456,-0.10103444010019302,0.9741716384887695,0,0,0.2636969983577728,0,1,0.9812819361686707,-0.09113733470439911,-0.16964511573314667,0,0.13749365508556366,0.9483680725097656,0.2858220040798187,0,0.13483689725399017,-0.30379700660705566,0.9431470036506653,0,-0.03330399841070175,0.04249899834394455,0.013031999580562115,1,0.9723309874534607,-0.22279609739780426,0.07024696469306946,0,0.21999390423297882,0.9744410514831543,0.04547915235161781,0,-0.07858403027057648,-0.028766855597496033,0.9964920282363892,0,-0.005801999941468239,0.04405499994754791,0,1,0.9964280128479004,-0.010923812165856361,0.08373172581195831,0,0.014664205722510815,0.9989160299301147,-0.04418700560927391,0,-0.08315826952457428,0.04525702819228172,0.9955079555511475,0,-0.0008570000063627958,0.048542000353336334,0,1,0.9529109597206116,-0.30186739563941956,-0.028945330530405045,0,0.28043314814567566,0.8408588171005249,0.4629398584365845,0,-0.11540742963552475,-0.44925740361213684,0.8859165906906128,0,-0.0277670007199049,0.11156299710273743,-0.0023719999007880688,1,0.9974180459976196,-0.06906604021787643,-0.019694238901138306,0,0.06910943984985352,0.8483827710151672,0.5248519778251648,0,-0.01954120397567749,-0.5248580574989319,0.850965678691864,0,0.00019700000120792538,0.04518600180745125,0,1,0.9989619851112366,-0.04416615143418312,-0.011118089780211449,0,0.044701091945171356,0.9040584564208984,0.42506512999534607,0,-0.008722089231014252,-0.425121009349823,0.9050945043563843,0,-0.00021300000662449747,0.04158100113272667,0,1,0.950698733329773,-0.30541956424713135,-0.05375801771879196,0,0.2793876528739929,0.7683023810386658,0.5758946537971497,0,-0.13458704948425293,-0.5625215768814087,0.8157543540000916,0,0.0277670007199049,0.10746400058269501,-0.003360999980941415,1,0.9984610080718994,-0.053612347692251205,-0.014178185723721981,0,0.05148804187774658,0.8012542724609375,0.5961042642593384,0,-0.020598217844963074,-0.5959169268608093,0.8027816414833069,0,0.0000940000027185306,0.048544999212026596,0,1,0.9970009922981262,-0.07351627945899963,-0.024174030870199203,0,0.07423987984657288,0.8203744292259216,0.5669867992401123,0,-0.021851010620594025,-0.5670812129974365,0.8233721256256104,0,0.00029299999005161226,0.04197299852967262,0,1,0.005276609677821398,-0.011154482141137123,0.9999240636825562,0,-0.9307985305786133,-0.3655311167240143,0.0008342820801772177,0,0.365494042634964,-0.9307324886322021,-0.012311442755162716,0,-0.07132100313901901,0.14728300273418427,-0.002004999900236726,1,0.9834305047988892,-0.1664474904537201,0.07183010876178741,0,0.03170127794146538,0.5480183959007263,0.8358650803565979,0,-0.1784919947385788,-0.8197386264801025,0.5442149043083191,0,0,0.14694300293922424,0,1,0.9713658094406128,-0.2370574176311493,-0.015883591026067734,0,0.23735952377319336,0.9711947441101074,0.021027686074376106,0,0.010441290214657784,-0.02419569157063961,0.9996529817581177,0,0,0.33115899562835693,0,1,0.9510753750801086,-0.18550726771354675,-0.2470676600933075,0,0.2232200652360916,0.965461790561676,0.134371817111969,0,0.21360746026039124,-0.18294818699359894,0.9596359729766846,0,0,0.26368600130081177,0,1,0.9826431274414062,0.08233507722616196,0.16623461246490479,0,-0.12549494206905365,0.9549779295921326,0.26882824301719666,0,-0.13661637902259827,-0.2850237786769867,0.9487350583076477,0,0.03561900183558464,0.04505300149321556,0.014945999719202518,1,0.9975669980049133,0.05048187077045441,-0.04808175191283226,0,-0.04915013536810875,0.9983850121498108,0.028488770127296448,0,0.04944225400686264,-0.026056228205561638,0.9984369874000549,0,0.009889000095427036,0.046434998512268066,0,1,0.9756699204444885,-0.20705226063728333,-0.07208913564682007,0,0.2018907219171524,0.9766980409622192,-0.07281030714511871,0,0.08548486977815628,0.05648471415042877,0.9947370290756226,0,-0.000666000007186085,0.046466998755931854,0,1,0.9569779634475708,0.2888292372226715,0.027772247791290283,0,-0.2762172222137451,0.8774920701980591,0.39206090569496155,0,0.08886873722076416,-0.3828648328781128,0.9195201992988586,0,0.024302000179886818,0.10767599940299988,-0.0027620000764727592,1,0.9973920583724976,0.07080772519111633,0.013965765945613384,0,-0.07070057094097137,0.9197176098823547,0.38616296648979187,0,0.014498749747872353,-0.3861429989337921,0.922324538230896,0,-0.00023400000645779073,0.04715700075030327,0,1,0.9981060028076172,0.06031087413430214,0.012119273655116558,0,-0.06066630035638809,0.9323797821998596,0.35635432600975037,0,0.010192274115979671,-0.35641464591026306,0.9342727661132812,0,0.00010699999984353781,0.042552001774311066,0,1,0.9509040117263794,0.30668389797210693,0.04154735431075096,0,-0.28791141510009766,0.8273648023605347,0.4822608232498169,0,0.11352678388357162,-0.47054556012153625,0.8750420212745667,0,-0.024302000179886818,0.10817400366067886,-0.006271000020205975,1,0.9966719746589661,0.07863906770944595,0.021459249779582024,0,-0.0786062479019165,0.8575194478034973,0.5084109306335449,0,0.02157924883067608,-0.5084059834480286,0.8608474731445312,0,0.000052999999752501026,0.04823099821805954,0,1,0.9962610006332397,0.08369395136833191,0.021428881213068962,0,-0.08388320356607437,0.8777218461036682,0.47177237272262573,0,0.02067587897181511,-0.47180548310279846,0.8814597129821777,0,-0.00011899999663000926,0.04431900009512901,0,1,-0.9806860089302063,-0.04254521057009697,0.19090679287910461,0,0.0731259286403656,-0.9850267767906189,0.15612544119358063,0,0.18140585720539093,0.16707022488117218,0.9691128134727478,0,0.0897890031337738,-0.062185999006032944,-0.016467999666929245,1,0.980819821357727,0.16164830327033997,0.10891010612249374,0,-0.08968831598758698,0.8703818321228027,-0.48413944244384766,0,-0.1730538010597229,0.46508586406707764,0.8681861758232117,0,0,0.3986560106277466,0,1,0.9399376511573792,-0.2049534022808075,0.27296602725982666,0,-0.16269686818122864,0.4340018332004547,0.8860995173454285,0,-0.3000769317150116,-0.8772891759872437,0.3745894730091095,0,0,0.3349359929561615,0,1,0.9646490812301636,0.028452176600694656,-0.26199665665626526,0,0.1678849160671234,0.6999757289886475,0.6941533088684082,0,0.2031414657831192,-0.7135996222496033,0.6704542636871338,0,0,0.15895000100135803,0,1,-0.9922149777412415,0.06432104110717773,-0.10664037615060806,0,-0.0805153101682663,-0.9845836758613586,0.15527938306331635,0,-0.09500864893198013,0.16265670955181122,0.9820973873138428,0,-0.0897890031337738,-0.062185999006032944,-0.0193099994212389,1,0.9866667985916138,-0.04269013553857803,-0.15705403685569763,0,-0.012126224115490913,0.9430215358734131,-0.33251142501831055,0,0.16230027377605438,0.3299823999404907,0.9299302101135254,0,0,0.3985320031642914,0,1,0.9908418655395508,0.12504678964614868,-0.050947003066539764,0,-0.02862284705042839,0.5632478594779968,0.8257917761802673,0,0.13195841014385223,-0.8167707920074463,0.5616686940193176,0,0,0.3349260091781616,0,1,0.9647631049156189,-0.02652149461209774,0.2617819607257843,0,-0.16883568465709686,0.7006821632385254,0.6932088732719421,0,-0.20181089639663696,-0.7129804491996765,0.6715145111083984,0,0,0.15814700722694397,0,1
