9.867,30,295,49
B0,mixamorig_Hips,-1,0.9998440742492676,-0.01751101389527321,0.0024909444618970156,0,0.017570985481142998,0.9994939565658569,-0.02653319761157036,0,-0.0020250591915100813,0.026572804898023605,0.999644935131073,0,0.0006469999789260328,0.8886529803276062,0.019899999722838402,1
B1,mixamorig_Spine,0,0.9999970197677612,-0.0008250420214608312,0.002090994268655777,0,0.0009569585090503097,0.9979559779167175,-0.06389304995536804,0,-0.0020340082701295614,0.06389494240283966,0.9979550242424011,0,0,0.11168400198221207,-0.009050000458955765,1
B2,mixamorig_Spine1,1,0.9990609884262085,-0.001720525324344635,0.04328111559152603,0,0.0009514797129668295,0.9998409748077393,0.017782937735319138,0,-0.04330488666892052,-0.017725080251693726,0.9989050030708313,0,0,0.13072499632835388,0,1
B3,mixamorig_Spine2,2,0.9990619421005249,-0.0009602799545973539,0.043292898684740067,0,0.00019571720622479916,0.9998440146446228,0.017661014571785927,0,-0.04330309480428696,-0.017635969445109367,0.9989060163497925,0,0,0.149399995803833,0,1
B4,mixamorig_Neck,3,0.9995720386505127,-0.02439398504793644,-0.016169128939509392,0,0.0249090064316988,0.9991629719734192,0.032455578446388245,0,0.015363859944045544,-0.032844413071870804,0.9993420243263245,0,0,0.16807499527931213,0,1
B5,mixamorig_Head,4,0.9975690245628357,0.061549875885248184,0.03268137946724892,0,-0.06441209465265274,0.9933639168739319,0.0952862948179245,0,-0.02659962885081768,-0.09715967625379562,0.9949130415916443,0,0,0.0061039999127388,0.0017030000453814864,1
B6,mixamorig_HeadTop_End,5,1,0,0,0,0,1,0,0,0,0,1,0,0,0.37451401352882385,0.10445500165224075,1
B7,mixamorig_LeftShoulder,3,-0.14670486748218536,-0.007066819816827774,-0.9891549944877625,0,0.9533219933509827,-0.26781201362609863,-0.13947701454162598,0,-0.2639218866825104,-0.9634450078010559,0.04602627083659172,0,0.07132100313901901,0.14723099768161774,-0.0013689999468624592,1
B8,mixamorig_LeftArm,7,0.9293699860572815,0.32144299149513245,-0.18150867521762848,0,-0.026269864290952682,0.5480383038520813,0.8360407948493958,0,0.3682131767272949,-0.7722230553627014,0.5177746415138245,0,0,0.14694300293922424,0,1
B9,mixamorig_LeftForeArm,8,0.8730859756469727,0.4868740737438202,0.02595096081495285,0,-0.4875589609146118,0.872111976146698,0.041314903646707535,0,-0.0025169895961880684,-0.04872410371899605,0.9988089799880981,0,0,0.33110299706459045,0,1
B10,mixamorig_LeftHand,9,0.9857469797134399,0.001878033042885363,-0.16822195053100586,0,0.04040202498435974,0.9680309891700745,0.24755489826202393,0,0.1633090078830719,-0.250823050737381,0.9541580080986023,0,0,0.2636969983577728,0,1
B11,mixamorig_LeftHandThumb1,10,0.9985170364379883,-0.05042194202542305,0.020544826984405518,0,0.043217018246650696,0.9634940028190613,0.26421788334846497,0,-0.03311718627810478,-0.2629380524158478,0.9642439484596252,0,-0.03330399841070175,0.04249899834394455,0.013031999580562115,1
B12,mixamorig_LeftHandThumb2,11,0.9853480458259583,-0.16543976962566376,-0.04146038740873337,0,0.16715121269226074,0.9850399494171143,0.041903361678123474,0,0.03390766680240631,-0.04821956530213356,0.9982609748840332,0,-0.005801999941468239,0.04405499994754791,0,1
B13,mixamorig_LeftHandThumb3,12,0.9881499409675598,0.15208224952220917,0.020758215337991714,0,-0.1510077565908432,0.9874579906463623,-0.04607986658811569,0,-0.027505790814757347,0.04239915683865547,0.9987220168113708,0,-0.0008570000063627958,0.048542000353336334,0,1
B14,mixamorig_LeftHandThumb4,13,1,0,0,0,0,1,0,0,0,0,1,0,0.006657999940216541,0.03583800047636032,0,1
B15,mixamorig_LeftHandIndex1,10,0.9643911123275757,-0.26408159732818604,-0.014530319720506668,0,0.2538242042064667,0.9086968898773193,0.3314240872859955,0,-0.07431938499212265,-0.3233107626438141,0.9433700442314148,0,-0.0277670007199049,0.11156299710273743,-0.0023719999007880688,1
B16,mixamorig_LeftHandIndex2,15,0.996878981590271,-0.07516290247440338,-0.024127814918756485,0,0.07521916925907135,0.8116900324821472,0.5792247653007507,0,-0.02395191788673401,-0.5792320966720581,0.8148108720779419,0,0.00019700000120792538,0.04518600180745125,0,1
B17,mixamorig_LeftHandIndex3,16,0.9995499849319458,-0.02951527014374733,-0.005417817272245884,0,0.029788799583911896,0.9541280269622803,0.297914981842041,0,-0.003623746335506439,-0.29794201254844666,0.9545770287513733,0,-0.00021300000662449747,0.04158100113272667,0,1
B18,mixamorig_LeftHandIndex4,17,1,0,0,0,0,1,0,0,0,0,1,0,0.00001700000029813964,0.02915799990296364,0,1
B19,mixamorig_LeftHandMiddle1,10,0.9603779315948486,-0.276106059551239,-0.037930894643068314,0,0.2650669813156128,0.8628579378128052,0.43036624789237976,0,-0.0860978290438652,-0.4233688414096832,0.9018571376800537,0,0.0277670007199049,0.10746400058269501,-0.003360999980941415,1
B20,mixamorig_LeftHandMiddle2,19,0.9993909597396851,-0.03454308956861496,-0.0048569547943770885,0,0.03353993222117424,0.9132931232452393,0.40592077374458313,0,-0.009585930034518242,-0.40583622455596924,0.9138948917388916,0,0.0000940000027185306,0.048544999212026596,0,1
B21,mixamorig_LeftHandMiddle3,20,0.9989509582519531,-0.04541090875864029,-0.0059784757904708385,0,0.045424964278936386,0.9655061364173889,0.2563866972923279,0,-0.005870496854186058,-0.2563892602920532,0.9665558934211731,0,0.00029299999005161226,0.04197299852967262,0,1
B22,mixamorig_LeftHandMiddle4,21,1,0,0,0,0,1,0,0,0,0,1,0,-0.0003859999997075647,0.028812000527977943,0,1
B23,mixamorig_RightShoulder,3,0.02014622464776039,-0.015507245436310768,0.9996770024299622,0,-0.9776050448417664,-0.20980481803417206,0.016446853056550026,0,0.20948189496994019,-0.977620005607605,-0.01938670687377453,0,-0.07132100313901901,0.14728300273418427,-0.002004999900236726,1
B24,mixamorig_RightArm,23,0.9260990619659424,-0.3609670400619507,0.10974574834108353,0,0.08571688085794449,0.48458635807037354,0.87053382396698,0,-0.3674151301383972,-0.7967931032180786,0.4797156751155853,0,0,0.14694300293922424,0,1
B25,mixamorig_RightForeArm,24,0.8911488056182861,-0.45312824845314026,-0.022990254685282707,0,0.45370569825172424,0.8902451395988464,0.04019466042518616,0,0.0022536246106028557,-0.046250198036432266,0.9989269971847534,0,0,0.33115899562835693,0,1
B26,mixamorig_RightHand,25,0.9992469549179077,0.0379532054066658,-0.008110824972391129,0,-0.03746478259563446,0.9978559613227844,0.05366414785385132,0,0.010130156762897968,-0.053319837898015976,0.9985259771347046,0,0,0.26368600130081177,0,1
B27,mixamorig_RightHandThumb1,26,0.911094069480896,0.3036539554595947,0.27875182032585144,0,-0.37709710001945496,0.8870978951454163,0.2661871910095215,0,-0.16645124554634094,-0.3476378321647644,0.9227360486984253,0,0.03561900183558464,0.04505300149321556,0.014945999719202518,1
B28,mixamorig_RightHandThumb2,27,0.9763729572296143,-0.2047521322965622,0.06908620893955231,0,0.20182988047599792,0.9782930612564087,0.046989984810352325,0,-0.0772077888250351,-0.031936049461364746,0.9965029954910278,0,0.009889000095427036,0.046434998512268066,0,1
B29,mixamorig_RightHandThumb3,28,0.9452239274978638,-0.3251741826534271,-0.028520766645669937,0,0.3223458230495453,0.9436150789260864,-0.07539257407188416,0,0.05142834037542343,0.06206931173801422,0.9967459440231323,0,-0.000666000007186085,0.046466998755931854,0,1
B30,mixamorig_RightHandThumb4,29,1,0,0,0,0,1,0,0,0,0,1,0,-0.009223000146448612,0.02739799953997135,0,1
B31,mixamorig_RightHandIndex1,26,0.9502578973770142,0.3103712797164917,0.02605925314128399,0,-0.31106266379356384,0.9414641261100769,0.12994791567325592,0,0.015798231586813927,-0.13159000873565674,0.9911779761314392,0,0.024302000179886818,0.10767599940299988,-0.0027620000764727592,1
B32,mixamorig_RightHandIndex2,31,0.9933279156684875,0.10911232233047485,0.037345223128795624,0,-0.10877060890197754,0.7787590026855469,0.6178211569786072,0,0.03832896426320076,-0.6177608966827393,0.7854311466217041,0,-0.00023400000645779073,0.04715700075030327,0,1
B33,mixamorig_RightHandIndex3,32,0.9997050166130066,0.02418818324804306,0.00202275812625885,0,-0.024234851822257042,0.9900299906730652,0.13875895738601685,0,0.0013537358026951551,-0.1387670338153839,0.9903240203857422,0,0.00010699999984353781,0.042552001774311066,0,1
B34,mixamorig_RightHandIndex4,33,1,0,0,0,0,1,0,0,0,0,1,0,0.00012700000661425292,0.02932400070130825,0,1
B35,mixamorig_RightHandMiddle1,26,0.9330958724021912,0.3556283414363861,0.05348316952586174,0,-0.355596661567688,0.8901731967926025,0.28485479950904846,0,0.05369314178824425,-0.2848152220249176,0.957076907157898,0,-0.024302000179886818,0.10817400366067886,-0.006271000020205975,1
B36,mixamorig_RightHandMiddle2,35,0.9970200657844543,0.0747007429599762,0.019269663840532303,0,-0.07467038929462433,0.8716650605201721,0.48437991738319397,0,0.019386835396289825,-0.4843750596046448,0.874644935131073,0,0.000052999999752501026,0.04823099821805954,0,1
B37,mixamorig_RightHandMiddle3,36,0.9993240237236023,0.025144802406430244,-0.02681764028966427,0,-0.022550169378519058,0.9954090118408203,0.09301476925611496,0,0.02903338149189949,-0.09234722703695297,0.9953039884567261,0,-0.00011899999663000926,0.04431900009512901,0,1
B38,mixamorig_RightHandMiddle4,37,1,0,0,0,0,1,0,0,0,0,1,0,0.00006500000017695129,0.019222000613808632,0,1
B39,mixamorig_LeftUpLeg,0,-0.9949450492858887,-0.06144385412335396,0.07943199574947357,0,0.06985517591238022,-0.9917091131210327,0.10786125063896179,0,0.07214601337909698,0.11286474764347076,0.99098801612854,0,0.0897890031337738,-0.062185999006032944,-0.016467999666929245,1
B40,mixamorig_LeftLeg,39,0.9872939586639404,0.01325905229896307,0.15835046768188477,0,0.04877584055066109,0.9231201410293579,-0.3814058303833008,0,-0.15123355388641357,0.3842832148075104,0.9107439517974854,0,0,0.3986560106277466,0,1
B41,mixamorig_LeftFoot,40,0.9923410415649414,-0.001952921156771481,-0.12351564317941666,0,0.11194335669279099,0.4370218515396118,0.8924579620361328,0,0.052236102521419525,-0.8994489908218384,0.433893084526062,0,0,0.3349359929561615,0,1
B42,mixamorig_LeftToeBase,41,0.9670411348342896,0.0028461222536861897,-0.25460365414619446,0,0.16740335524082184,0.7463319897651672,0.6441779732704163,0,0.19185221195220947,-0.6655678153038025,0.7212570309638977,0,0,0.15895000100135803,0,1
B43,mixamorig_LeftToe_End,42,1,0,0,0,0,1,0,0,0,0,1,0,0,0.06252100318670273,0,1
B44,mixamorig_RightUpLeg,0,-0.9635750651359558,0.10298027843236923,-0.24681510031223297,0,-0.1288497895002365,-0.9874781966209412,0.09102223813533783,0,-0.23435097932815552,0.11950881779193878,0.9647780060768127,0,-0.0897890031337738,-0.062185999006032944,-0.0193099994212389,1
B45,mixamorig_RightLeg,44,0.9970559477806091,0.02244694158434868,-0.07331723719835281,0,-0.04318799078464508,0.954491913318634,-0.29509320855140686,0,0.06335675716400146,0.29739081859588623,0.9526510834693909,0,0,0.3985320031642914,0,1
B46,mixamorig_RightFoot,45,0.9929620623588562,0.0667208731174469,0.0978541374206543,0,-0.11835996061563492,0.5294030904769897,0.8400739431381226,0,0.004246181808412075,-0.8457430005073547,0.5335739254951477,0,0,0.3349260091781616,0,1
B47,mixamorig_RightToeBase,46,0.9672260880470276,-9.827247140492545e-7,0.25391584634780884,0,-0.16839510202407837,0.7484469413757324,0.6414600610733032,0,-0.1900431215763092,-0.6631948947906494,0.7239170670509338,0,0,0.15814700722694397,0,1
B48,mixamorig_RightToe_End,47,1,0,0,0,0,1,0,0,0,0,1,0,0,0.062116000801324844,0,1
@40,0,1,2,3,4,5,7,8,9,10,11,12,13,15,16,17,19,20,21,23,24,25,26,27,28,29,31,32,33,35,36,37,39,40,41,42,44,45,46,47
K0,0.9998440742492676,-0.01751101389527321,0.00249094283208251,0,0.017570985481142998,0.9994939565658569,-0.02653319761157036,0,-0.0020250575616955757,0.026572804898023605,0.999644935131073,0,0.0006469999789260328,0.8886529803276062,0.019899999722838402,1,0.9999970197677612,-0.0008250417886301875,0.002090992871671915,0,0.0009569581598043442,0.9979559779167175,-0.06389304995536804,0,-0.0020340068731456995,0.06389494240283966,0.9979550242424011,0,0,0.11168400198221207,-0.009050000458955765,1,0.9990609884262085,-0.0017205225303769112,0.04328111186623573,0,0.000951477384660393,0.9998409748077393,0.01778292842209339,0,-0.04330488294363022,-0.01772507093846798,0.9989050030708313,0,0,0.13072499632835388,0,1,0.9990619421005249,-0.0009602814679965377,0.043292898684740067,0,0.00019571837037801743,0.9998440146446228,0.017661022022366524,0,-0.04330309480428696,-0.017635976895689964,0.9989060163497925,0,0,0.149399995803833,0,1,0.9995720386505127,-0.024393990635871887,-0.01616913452744484,0,0.024909012019634247,0.9991629719734192,0.03245558217167854,0,0.015363865531980991,-0.0328444167971611,0.9993420243263245,0,0,0.16807499527931213,0,1,0.9975690245628357,0.06154989078640938,0.03268137574195862,0,-0.06441210955381393,0.9933639168739319,0.0952863022685051,0,-0.026599625125527382,-0.09715968370437622,0.9949130415916443,0,0,0.0061039999127388,0.0017030000453814864,1,-0.14670467376708984,-0.007066857069730759,-0.9891550540924072,0,0.9533220529556274,-0.26781198382377625,-0.13947679102420807,0,-0.263921856880188,-0.9634450674057007,0.04602620005607605,0,0.07132100313901901,0.14723099768161774,-0.0013689999468624592,1,0.9293699860572815,0.321443110704422,-0.18150870501995087,0,-0.02626989036798477,0.5480382442474365,0.8360408544540405,0,0.3682132959365845,-0.7722231149673462,0.5177745819091797,0,0,0.14694300293922424,0,1,0.8730859756469727,0.4868740737438202,0.02595098502933979,0,-0.4875589609146118,0.872111976146698,0.04131489247083664,0,-0.0025170156732201576,-0.048724107444286346,0.9988089799880981,0,0,0.33110299706459045,0,1,0.9857469797134399,0.0018780311802402139,-0.16822195053100586,0,0.04040202870965004,0.9680309891700745,0.24755489826202393,0,0.1633090078830719,-0.250823050737381,0.9541580080986023,0,0,0.2636969983577728,0,1,0.9985170364379883,-0.05042196437716484,0.02054481953382492,0,0.04321704059839249,0.9634940028190613,0.26421791315078735,0,-0.033117182552814484,-0.26293808221817017,0.9642439484596252,0,-0.03330399841070175,0.04249899834394455,0.013031999580562115,1,0.9853480458259583,-0.16543978452682495,-0.04146036133170128,0,0.16715122759342194,0.9850399494171143,0.04190339893102646,0,0.033907633274793625,-0.048219598829746246,0.9982609748840332,0,-0.005801999941468239,0.04405499994754791,0,1,0.9881499409675598,0.15208223462104797,0.020758213475346565,0,-0.151007741689682,0.9874579906463623,-0.0460798516869545,0,-0.02750578708946705,0.04239914193749428,0.9987220168113708,0,-0.0008570000063627958,0.048542000353336334,0,1,0.9643911123275757,-0.2640816867351532,-0.014530379325151443,0,0.25382429361343384,0.9086968302726746,0.33142414689064026,0,-0.07431937754154205,-0.32331082224845886,0.9433700442314148,0,-0.0277670007199049,0.11156299710273743,-0.0023719999007880688,1,0.996878981590271,-0.0751628428697586,-0.02412785217165947,0,0.07521914690732956,0.811690092086792,0.5792247653007507,0,-0.023951854556798935,-0.5792321562767029,0.8148108720779419,0,0.00019700000120792538,0.04518600180745125,0,1,0.9995499849319458,-0.02951524220407009,-0.005417776759713888,0,0.029788760468363762,0.9541280269622803,0.297914981842041,0,-0.003623776836320758,-0.29794201254844666,0.9545770287513733,0,-0.00021300000662449747,0.04158100113272667,0,1,0.9603779911994934,-0.276106059551239,-0.03793084993958473,0,0.265066921710968,0.86285799741745,0.4303662180900574,0,-0.086097851395607,-0.42336881160736084,0.9018571376800537,0,0.0277670007199049,0.10746400058269501,-0.003360999980941415,1,0.9993910193443298,-0.03454308211803436,-0.004856939893215895,0,0.033539917320013046,0.9132931232452393,0.40592077374458313,0,-0.009585940279066563,-0.40583622455596924,0.9138948917388916,0,0.0000940000027185306,0.048544999212026596,0,1,0.9989509582519531,-0.04541097208857536,-0.005978494882583618,0,0.04542502760887146,0.9655061364173889,0.25638672709465027,0,-0.005870495457202196,-0.2563892900943756,0.9665558934211731,0,0.00029299999005161226,0.04197299852967262,0,1,0.020146489143371582,-0.015507099218666553,0.9996769428253174,0,-0.9776049852371216,-0.2098049521446228,0.016447100788354874,0,0.20948205888271332,-0.9776199460029602,-0.019386574625968933,0,-0.07132100313901901,0.14728300273418427,-0.002004999900236726,1,0.9260990023612976,-0.36096709966659546,0.10974577814340591,0,0.08571687340736389,0.48458632826805115,0.8705337643623352,0,-0.3674152195453644,-0.7967930436134338,0.47971564531326294,0,0,0.14694300293922424,0,1,0.8911488056182861,-0.45312827825546265,-0.022990331053733826,0,0.45370572805404663,0.8902451395988464,0.040194716304540634,0,0.0022536672186106443,-0.04625028371810913,0.9989269971847534,0,0,0.33115899562835693,0,1,0.9992469549179077,0.0379532091319561,-0.008110832422971725,0,-0.03746478632092476,0.9978559613227844,0.053664155304431915,0,0.01013016514480114,-0.05331984534859657,0.9985259771347046,0,0,0.26368600130081177,0,1,0.911094069480896,0.30365389585494995,0.27875179052352905,0,-0.3770970404148102,0.8870978951454163,0.2661871910095215,0,-0.16645123064517975,-0.3476378321647644,0.9227360486984253,0,0.03561900183558464,0.04505300149321556,0.014945999719202518,1,0.9763729572296143,-0.204752117395401,0.06908620893955231,0,0.20182986557483673,0.9782931208610535,0.04698996618390083,0,-0.0772077813744545,-0.03193603456020355,0.9965029954910278,0,0.009889000095427036,0.046434998512268066,0,1,0.9452239871025085,-0.32517415285110474,-0.028520707041025162,0,0.3223457932472229,0.9436150789260864,-0.07539261877536774,0,0.05142829567193985,0.062069371342659,0.9967459440231323,0,-0.000666000007186085,0.046466998755931854,0,1,0.9502578973770142,0.3103713095188141,0.02605925314128399,0,-0.31106269359588623,0.9414641261100769,0.1299479454755783,0,0.015798253938555717,-0.13159003853797913,0.9911779761314392,0,0.024302000179886818,0.10767599940299988,-0.0027620000764727592,1,0.9933279156684875,0.10911240428686142,0.03734510391950607,0,-0.10877059400081635,0.7787590026855469,0.6178211569786072,0,0.0383291095495224,-0.6177608966827393,0.7854311466217041,0,-0.00023400000645779073,0.04715700075030327,0,1,0.9997050166130066,0.024188166484236717,0.00202274601906538,0,-0.0242348350584507,0.9900299906730652,0.13875895738601685,0,0.0013537458144128323,-0.1387670338153839,0.9903240203857422,0,0.00010699999984353781,0.042552001774311066,0,1,0.9330958724021912,0.3556283414363861,0.053483158349990845,0,-0.355596661567688,0.8901731967926025,0.28485479950904846,0,0.05369315668940544,-0.2848151922225952,0.957076907157898,0,-0.024302000179886818,0.10817400366067886,-0.006271000020205975,1,0.9970200657844543,0.07470066100358963,0.019269734621047974,0,-0.07467034459114075,0.8716650605201721,0.4843798875808716,0,0.019386734813451767,-0.4843750298023224,0.874644935131073,0,0.000052999999752501026,0.04823099821805954,0,1,0.9993240237236023,0.02514481730759144,-0.026817629113793373,0,-0.022550184279680252,0.9954090118408203,0.09301476925611496,0,0.029033370316028595,-0.09234722703695297,0.9953039884567261,0,-0.00011899999663000926,0.04431900009512901,0,1,-0.9949450492858887,-0.061443839222192764,0.07943198829889297,0,0.06985516101121902,-0.9917091131210327,0.10786125063896179,0,0.07214600592851639,0.11286474019289017,0.99098801612854,0,0.0897890031337738,-0.062185999006032944,-0.016467999666929245,1,0.9872939586639404,0.013258944265544415,0.15835048258304596,0,0.04877594858407974,0.9231201410293579,-0.3814058005809784,0,-0.1512335240840912,0.3842832148075104,0.9107439517974854,0,0,0.3986560106277466,0,1,0.9923410415649414,-0.0019526933319866657,-0.12351568043231964,0,0.11194329708814621,0.4370218515396118,0.8924580216407776,0,0.05223632603883743,-0.8994489908218384,0.433893084526062,0,0,0.3349359929561615,0,1,0.9670410752296448,0.0028462663758546114,-0.25460368394851685,0,0.16740326583385468,0.7463319301605225,0.644178032875061,0,0.19185231626033783,-0.6655678749084473,0.7212569713592529,0,0,0.15895000100135803,0,1,-0.963575005531311,0.10298025608062744,-0.2468150556087494,0,-0.12884975969791412,-0.9874781966209412,0.09102221578359604,0,-0.23435094952583313,0.1195087805390358,0.9647780656814575,0,-0.0897890031337738,-0.062185999006032944,-0.0193099994212389,1,0.9970559477806091,0.022446975111961365,-0.07331723719835281,0,-0.04318802058696747,0.954491913318634,-0.29509320855140686,0,0.06335675716400146,0.29739081859588623,0.9526510834693909,0,0,0.3985320031642914,0,1,0.9929620027542114,0.06672094017267227,0.09785421192646027,0,-0.11836006492376328,0.5294030904769897,0.8400739431381226,0,0.004246202763170004,-0.8457430601119995,0.5335739254951477,0,0,0.3349260091781616,0,1,0.9672260880470276,-0.0000010572807696007658,0.25391584634780884,0,-0.1683950573205948,0.7484468817710876,0.641460120677948,0,-0.1900431513786316,-0.6631949543952942,0.7239170074462891,0,0,0.15814700722694397,0,1
K0.033,0.99981290102005,-0.01914309523999691,0.0028163734823465347,0,0.01921205408871174,0.9994528889656067,-0.02692755125463009,0,-0.002299354411661625,0.026976602151989937,0.9996329545974731,0,0.0022653103806078434,0.888363242149353,0.01957361213862896,1,0.9999979734420776,-0.0010717656696215272,0.0018242682563140988,0,0.0011849820148199797,0.9979981184005737,-0.06323608011007309,0,-0.0017528417520225048,0.06323809921741486,0.9979971647262573,0,0,0.11168400198221207,-0.009050000458955765,1,0.9990770816802979,-0.0019590393640100956,0.042916249483823776,0,0.001143667264841497,0.9998189210891724,0.019015474244952202,0,-0.04294571280479431,-0.018948836252093315,0.9988980293273926,0,0,0.13072499632835388,0,1,0.9990770816802979,-0.001174498931504786,0.042931728065013885,0,0.00036305480170994997,0.9998209476470947,0.018903708085417747,0,-0.042946260422468185,-0.018870679661631584,0.998898983001709,0,0,0.149399995803833,0,1,0.999599039554596,-0.0235335323959589,-0.01577494852244854,0,0.024044344201683998,0.999165952205658,0.0330142118036747,0,0.014984832145273685,-0.033380232751369476,0.9993299245834351,0,0,0.16807499527931213,0,1,0.997509777545929,0.06233968213200569,0.03297222778201103,0,-0.06520550698041916,0.993387758731842,0.09449323266744614,0,-0.02686353586614132,-0.09640790522098541,0.9949790239334106,0,0,0.0061039999127388,0.0017030000453814864,1,-0.14420673251152039,-0.006903148256242275,-0.9895234107971191,0,0.9539059400558472,-0.26693210005760193,-0.13715390861034393,0,-0.2631886899471283,-0.9636904001235962,0.04507836326956749,0,0.07132100313901901,0.14723099768161774,-0.0013689999468624592,1,0.9286903142929077,0.3237798511981964,-0.1808352917432785,0,-0.02767733484506607,0.5467655658721924,0.83682781457901,0,0.3698224723339081,-0.772148847579956,0.5167372226715088,0,0,0.14694300293922424,0,1,0.8732737898826599,0.4865395128726959,0.025934526696801186,0,-0.4872235059738159,0.8723008036613464,0.04128590598702431,0,-0.002535485662519932,-0.048689812421798706,0.9988109469413757,0,0,0.33110299706459045,0,1,0.9855812191963196,0.00211338815279305,-0.16919051110744476,0,0.04052768647670746,0.9678667783737183,0.24817469716072083,0,0.16427841782569885,-0.2514532804489136,0.9538258910179138,0,0,0.2636969983577728,0,1,0.998511016368866,-0.050542667508125305,0.02053513005375862,0,0.0433412529528141,0.9635301232337952,0.26406776905059814,0,-0.033132877200841904,-0.26278433203697205,0.964285135269165,0,-0.03330399841070175,0.04249899834394455,0.013031999580562115,1,0.985382080078125,-0.1652776300907135,-0.041300468146800995,0,0.166979119181633,0.985072135925293,0.04183578863739967,0,0.03376941382884979,-0.04812053591012955,0.9982700347900391,0,-0.005801999941468239,0.04405499994754791,0,1,0.9881459474563599,0.1521063596010208,0.020764045417308807,0,-0.1510322242975235,0.9874549508094788,-0.046055953949689865,0,-0.027508974075317383,0.04237397760152817,0.9987229704856873,0,-0.0008570000063627958,0.048542000353336334,0,1,0.9642986059188843,-0.2644144296646118,-0.014592108316719532,0,0.2540176510810852,0.9079945087432861,0.3331972062587738,0,-0.0748526081442833,-0.3250083327293396,0.9427440166473389,0,-0.0277670007199049,0.11156299710273743,-0.0023719999007880688,1,0.9969081282615662,-0.07485875487327576,-0.023891640827059746,0,0.07491432875394821,0.8136541843414307,0.5765012502670288,0,-0.023716645315289497,-0.5765088200569153,0.8167468309402466,0,0.00019700000120792538,0.04518600180745125,0,1,0.9995549917221069,-0.029333533719182014,-0.0053609577007591724,0,0.029604315757751465,0.9546234607696533,0.2963390350341797,0,-0.0035749778617173433,-0.29636603593826294,0.9550675749778748,0,-0.00021300000662449747,0.04158100113272667,0,1,0.9604320526123047,-0.27593663334846497,-0.037799522280693054,0,0.26468077301979065,0.8620449900627136,0.4322296679019928,0,-0.08668309450149536,-0.4251318871974945,0.9009705185890198,0,0.0277670007199049,0.10746400058269501,-0.003360999980941415,1,0.9993990063667297,-0.03433675318956375,-0.004782919306308031,0,0.03334297984838486,0.9142219424247742,0.403838574886322,0,-0.009493861347436905,-0.4037555456161499,0.9148179292678833,0,0.0000940000027185306,0.048544999212026596,0,1,0.9989560842514038,-0.04530667886137962,-0.005934115033596754,0,0.045319654047489166,0.9658080339431763,0.2552684247493744,0,-0.005834141746163368,-0.2552705407142639,0.9668518900871277,0,0.00029299999005161226,0.04197299852967262,0,1,0.024214686825871468,-0.016368528828024864,0.99957275390625,0,-0.976908802986145,-0.2127029001712799,0.020182503387331963,0,0.21228164434432983,-0.9769799113273621,-0.021141057834029198,0,-0.07132100313901901,0.14728300273418427,-0.002004999900236726,1,0.9255632758140564,-0.3622671365737915,0.10997649282217026,0,0.08686958253383636,0.4859536588191986,0.8696560263633728,0,-0.36849141120910645,-0.7953683733940125,0.4812510311603546,0,0,0.14694300293922424,0,1,0.8906742930412292,-0.4540574252605438,-0.023032037541270256,0,0.4546359181404114,0.8897659778594971,0.04027722030878067,0,0.002204952063038945,-0.046345099806785583,0.9989230036735535,0,0,0.33115899562835693,0,1,0.9992759823799133,0.03709594905376434,-0.008432978764176369,0,-0.0366031751036644,0.9979472756385803,0.052546389400959015,0,0.010364932008087635,-0.052199702709913254,0.9985831379890442,0,0,0.26368600130081177,0,1,0.910999596118927,0.3041062653064728,0.2785659730434418,0,-0.37709149718284607,0.8877262473106384,0.2640921175479889,0,-0.16697829961776733,-0.34563279151916504,0.9233943819999695,0,0.03561900183558464,0.04505300149321556,0.014945999719202518,1,0.9762164354324341,-0.20576603710651398,0.06827083230018616,0,0.2028663605451584,0.9780745506286621,0.04706341028213501,0,-0.07645806670188904,-0.03209424391388893,0.9965561032295227,0,0.009889000095427036,0.046434998512268066,0,1,0.945222020149231,-0.3251780569553375,-0.028554383665323257,0,0.3223511576652527,0.9436189532279968,-0.07532268017530441,0,0.05143769457936287,0.061992060393095016,0.996749997138977,0,-0.000666000007186085,0.046466998755931854,0,1,0.9504988193511963,0.30963653326034546,0.026007551699876785,0,-0.31031227111816406,0.9415768980979919,0.13091768324375153,0,0.016048790886998177,-0.13250760734081268,0.9910520315170288,0,0.024302000179886818,0.10767599940299988,-0.0027620000764727592,1,0.9933330416679382,0.10907284170389175,0.037312574684619904,0,-0.10873129963874817,0.7789549231529236,0.6175816655158997,0,0.038296572864055634,-0.6175212264060974,0.7856212258338928,0,-0.00023400000645779073,0.04715700075030327,0,1,0.9997090101242065,0.024039121344685555,0.001998920226469636,0,-0.024085115641355515,0.9901577830314636,0.13786667585372925,0,0.0013349474174901843,-0.13787470757961273,0.9904487133026123,0,0.00010699999984353781,0.042552001774311066,0,1,0.9333715438842773,0.35489752888679504,0.053525760769844055,0,-0.35473835468292236,0.8895283341407776,0.28792276978492737,0,0.05457042157649994,-0.2877267301082611,0.956156849861145,0,-0.024302000179886818,0.10817400366067886,-0.006271000020205975,1,0.9970359802246094,0.07451184839010239,0.019168362021446228,0,-0.07448167353868484,0.8723201751708984,0.48322945833206177,0,0.019285358488559723,-0.48322468996047974,0.8752841353416443,0,0.000052999999752501026,0.04823099821805954,0,1,0.9993209838867188,0.02488720789551735,-0.027162140235304832,0,-0.02230609580874443,0.9955543875694275,0.0915103629231453,0,0.02931882254779339,-0.0908423438668251,0.9954334497451782,0,-0.00011899999663000926,0.04431900009512901,0,1,-0.9948597550392151,-0.06152116507291794,0.08043134212493896,0,0.07025238126516342,-0.9913712739944458,0.11066514253616333,0,0.07292912155389786,0.1157468780875206,0.9905980229377747,0,0.0897890031337738,-0.062185999006032944,-0.016467999666929245,1,0.9874325394630432,0.012871752493083477,0.1575177013874054,0,0.04979977011680603,0.9205639958381653,-0.38740527629852295,0,-0.14999167621135712,0.3903808295726776,0.9083535671234131,0,0,0.3986560106277466,0,1,0.9924344420433044,0.000726314086932689,-0.12277564406394958,0,0.11030278354883194,0.4339097738265991,0.8941792845726013,0,0.053922999650239944,-0.9009565711021423,0.4305467903614044,0,0,0.3349359929561615,0,1,0.967051088809967,0.0027324946131557226,-0.2545658051967621,0,0.16740263998508453,0.7465313673019409,0.643946647644043,0,0.19180110096931458,-0.6653448343276978,0.7214771509170532,0,0,0.15895000100135803,0,1,-0.9631255269050598,0.10294653475284576,-0.24857711791992188,0,-0.12910252809524536,-0.9874209761619568,0.09128105640411377,0,-0.23605339229106903,0.12000714987516403,0.9643018841743469,0,-0.0897890031337738,-0.062185999006032944,-0.0193099994212389,1,0.9970679879188538,0.02131357602775097,-0.07348965108394623,0,-0.042175907641649246,0.9544385671615601,-0.2954123318195343,0,0.06384509056806564,0.29764583706855774,0.9525395035743713,0,0,0.3985320031642914,0,1,0.9925746917724609,0.06885553151369095,0.1002761721611023,0,-0.12155190110206604,0.5300094485282898,0.8392348885536194,0,0.004638642072677612,-0.8451918363571167,0.5344433784484863,0,0,0.3349260091781616,0,1,0.9672260284423828,0,0.2539159953594208,0,-0.16839535534381866,0.7484471201896667,0.6414587497711182,0,-0.19004300236701965,-0.6631941795349121,0.7239177823066711,0,0,0.15814700722694397,0,1
K0.067,0.9997828602790833,-0.02063475176692009,0.002945337677374482,0,0.020707765594124794,0.9994107484817505,-0.02739129588007927,0,-0.002378388773649931,0.027446333318948746,0.999620795249939,0,0.0038314166013151407,0.8881357312202454,0.019463181495666504,1,0.9999980330467224,-0.0013392441906034946,0.0015531496610492468,0,0.0014339529443532228,0.9980331063270569,-0.06267265230417252,0,-0.00146616087295115,0.06267476826906204,0.9980331659317017,0,0,0.11168400198221207,-0.009050000458955765,1,0.9990952014923096,-0.0022303066216409206,0.04246354475617409,0,0.0013777230633422732,0.9997969269752502,0.020096702501177788,0,-0.04249976947903633,-0.020020032301545143,0.9988961219787598,0,0,0.13072499632835388,0,1,0.999096155166626,-0.0014235087437555194,0.04248369485139847,0,0.0005742299254052341,0.999799907207489,0.01999621093273163,0,-0.042503662407398224,-0.019953742623329163,0.998897135257721,0,0,0.149399995803833,0,1,0.9996210336685181,-0.02277839556336403,-0.01544743962585926,0,0.02329280599951744,0.9991505742073059,0.03398185595870018,0,0.01466028206050396,-0.034328825771808624,0.9993035197257996,0,0,0.16807499527931213,0,1,0.9974526166915894,0.0630907341837883,0.03327099606394768,0,-0.06598266959190369,0.9933354258537292,0.0945064052939415,0,-0.02708677388727665,-0.09646095335483551,0.9949676990509033,0,0,0.0061039999127388,0.0017030000453814864,1,-0.14308936893939972,-0.006837059743702412,-0.9896861910820007,0,0.9542182087898254,-0.2663416862487793,-0.1361214816570282,0,-0.2626640200614929,-0.9638539552688599,0.044634781777858734,0,0.07132100313901901,0.14723099768161774,-0.0013689999468624592,1,0.92850261926651,0.32458433508872986,-0.18035253882408142,0,-0.028397785499691963,0.5463486909866333,0.8370761275291443,0,0.3702373802661896,-0.7721061706542969,0.5165039300918579,0,0,0.14694300293922424,0,1,0.8735238909721375,0.4860905706882477,0.02591359242796898,0,-0.4867740571498871,0.8725532293319702,0.04124859347939491,0,-0.0025604364927858114,-0.04864572733640671,0.9988129138946533,0,0,0.33110299706459045,0,1,0.9853523969650269,0.002265100833028555,-0.17051543295383453,0,0.04076962545514107,0.967786967754364,0.2484501451253891,0,0.1655852496623993,-0.25176259875297546,0.9535182118415833,0,0,0.2636969983577728,0,1,0.9985039830207825,-0.050675664097070694,0.020519770681858063,0,0.04347819462418556,0.9635600447654724,0.2639354169368744,0,-0.033147141337394714,-0.26264846324920654,0.9643220901489258,0,-0.03330399841070175,0.04249899834394455,0.013031999580562115,1,0.9854192733764648,-0.1650993973016739,-0.04112248867750168,0,0.16678966581821442,0.9851083755493164,0.04175199568271637,0,0.03361685574054718,-0.04800200089812279,0.9982810616493225,0,-0.005801999941468239,0.04405499994754791,0,1,0.9881327748298645,0.15219582617282867,0.020765826106071472,0,-0.15112170577049255,0.9874417185783386,-0.04604693129658699,0,-0.0275131743401289,0.042362283915281296,0.9987229108810425,0,-0.0008570000063627958,0.048542000353336334,0,1,0.96419358253479,-0.2647935748100281,-0.014673230238258839,0,0.2542630136013031,0.9072888493537903,0.3349301815032959,0,-0.07537447661161423,-0.32666832208633423,0.9421289563179016,0,-0.0277670007199049,0.11156299710273743,-0.0023719999007880688,1,0.9969341158866882,-0.0745791345834732,-0.02367631532251835,0,0.0746341347694397,0.8154417276382446,0.5740070939064026,0,-0.02350231446325779,-0.5740146636962891,0.8185083270072937,0,0.00019700000120792538,0.04518600180745125,0,1,0.9995599985122681,-0.029165731742978096,-0.0053095039911568165,0,0.02943423204123974,0.9550793766975403,0.29488465189933777,0,-0.003529531415551901,-0.2949114441871643,0.9555184841156006,0,-0.00021300000662449747,0.04158100113272667,0,1,0.9604682326316833,-0.27582529187202454,-0.03769011050462723,0,0.26433613896369934,0.8611186742782593,0.43428269028663635,0,-0.08733052760362625,-0.4270778000354767,0.8999881148338318,0,0.0277670007199049,0.10746400058269501,-0.003360999980941415,1,0.9994060397148132,-0.0341474749147892,-0.004715811461210251,0,0.03316239267587662,0.9150675535202026,0.40193429589271545,0,-0.009409758262336254,-0.4018520414829254,0.9156566262245178,0,0.0000940000027185306,0.048544999212026596,0,1,0.998960018157959,-0.04520975053310394,-0.005892889574170113,0,0.045221664011478424,0.9660848379135132,0.25423574447631836,0,-0.005800903774797916,-0.2542378902435303,0.9671248197555542,0,0.00029299999005161226,0.04197299852967262,0,1,0.026657667011022568,-0.016861075535416603,0.9995027184486389,0,-0.976538896560669,-0.21416933834552765,0.022432325407862663,0,0.21368449926376343,-0.9766510128974915,-0.02217479981482029,0,-0.07132100313901901,0.14728300273418427,-0.002004999900236726,1,0.925094723701477,-0.3634357750415802,0.11006767302751541,0,0.08739165961742401,0.4858311712741852,0.8696727752685547,0,-0.3695443570613861,-0.7949103713035583,0.4812009036540985,0,0,0.14694300293922424,0,1,0.8904195427894592,-0.45455700159072876,-0.02305486798286438,0,0.45513612031936646,0.889508843421936,0.04032142460346222,0,0.0021791227627545595,-0.04639606922864914,0.9989209771156311,0,0,0.33115899562835693,0,1,0.9992848634719849,0.036144573241472244,-0.011127124540507793,0,-0.035523269325494766,0.9980294704437256,0.05171908065676689,0,0.012974564917385578,-0.05128682777285576,0.9985999464988708,0,0,0.26368600130081177,0,1,0.91087806224823,0.3044969141483307,0.2785378694534302,0,-0.37721017003059387,0.888087809085846,0.26270201802253723,0,-0.16737408936023712,-0.3443567454814911,0.9237987399101257,0,0.03561900183558464,0.04505300149321556,0.014945999719202518,1,0.9760972261428833,-0.20653504133224487,0.06765003502368927,0,0.20365208387374878,0.9779086709022522,0.04712732136249542,0,-0.07588901370763779,-0.03222378343343735,0.9965954422950745,0,0.009889000095427036,0.046434998512268066,0,1,0.9452130794525146,-0.32520073652267456,-0.028570884838700294,0,0.3223748803138733,0.9436140656471252,-0.07528672367334366,0,0.0514431856572628,0.06195146217942238,0.996752917766571,0,-0.000666000007186085,0.046466998755931854,0,1,0.9504495859146118,0.3097763955593109,0.026152746751904488,0,-0.3104369342327118,0.9412539005279541,0.13292665779590607,0,0.01656116545200348,-0.13445889949798584,0.9907806515693665,0,0.024302000179886818,0.10767599940299988,-0.0027620000764727592,1,0.9933513402938843,0.10894742608070374,0.03720991313457489,0,-0.10860669612884521,0.7795761227607727,0.6168192028999329,0,0.038192883133888245,-0.6167590022087097,0.7862248420715332,0,-0.00023400000645779073,0.04715700075030327,0,1,0.9997150897979736,0.023777324706315994,0.001957688946276903,0,-0.023822244256734848,0.9903821349143982,0.13629275560379028,0,0.0013018175959587097,-0.13630063831806183,0.9906670451164246,0,0.00010699999984353781,0.042552001774311066,0,1,0.9335417747497559,0.35446929931640625,0.05339452624320984,0,-0.3542826771736145,0.8896530270576477,0.2881009876728058,0,0.05462031066417694,-0.2878708839416504,0.9561100602149963,0,-0.024302000179886818,0.10817400366067886,-0.006271000020205975,1,0.9970294237136841,0.07459011673927307,0.019211046397686005,0,-0.07456013560295105,0.8720467686653137,0.48371031880378723,0,0.019327064976096153,-0.4837054908275604,0.8750171661376953,0,0.000052999999752501026,0.04823099821805954,0,1,0.9993313550949097,0.024611005559563637,-0.027027081698179245,0,-0.02208336815237999,0.9956844449043274,0.09013894945383072,0,0.029128873720765114,-0.089481882750988,0.9955627918243408,0,-0.00011899999663000926,0.04431900009512901,0,1,-0.9947819709777832,-0.06162768974900246,0.08131135255098343,0,0.07059986889362335,-0.9911366701126099,0.11253057420253754,0,0.07365565747022629,0.11768393963575363,0.9903156161308289,0,0.0897890031337738,-0.062185999006032944,-0.016467999666929245,1,0.9876034259796143,0.011990000493824482,0.1565091758966446,0,0.050999075174331665,0.9184747934341431,-0.3921774625778198,0,-0.1484520435333252,0.39529791474342346,0.9064779281616211,0,0,0.3986560106277466,0,1,0.9925440549850464,0.003458950435742736,-0.12184005230665207,0,0.10845189541578293,0.4311865270137787,0.8957213759422302,0,0.055634018033742905,-0.9022563099861145,0.4275963306427002,0,0,0.3349359929561615,0,1,0.9670550227165222,0.0026947329752147198,-0.2545541524887085,0,0.16740310192108154,0.7465967535972595,0.6438704133033752,0,0.1917843222618103,-0.6652711033821106,0.721548855304718,0,0,0.15895000100135803,0,1,-0.9627163410186768,0.1030726507306099,-0.2501054108142853,0,-0.1292935609817505,-0.987445592880249,0.09073933959007263,0,-0.23761294782161713,0.11969336122274399,0.9639574885368347,0,-0.0897890031337738,-0.062185999006032944,-0.0193099994212389,1,0.9970534443855286,0.020118113607168198,-0.07401809841394424,0,-0.04115213826298714,0.9546530842781067,-0.29486119747161865,0,0.06472963094711304,0.2970387041568756,0.9526692032814026,0,0,0.3985320031642914,0,1,0.9921733736991882,0.07108276337385178,0.10266191512346268,0,-0.12476452440023422,0.5307316780090332,0.8383066654205322,0,0.005103230942040682,-0.8445533514022827,0.5354458689689636,0,0,0.3349260091781616,0,1,0.9672260284423828,0,0.2539159655570984,0,-0.16839534044265747,0.7484471201896667,0.6414587497711182,0,-0.19004300236701965,-0.6631941795349121,0.7239177823066711,0,0,0.15814700722694397,0,1
