8.833,30,265,49
B0,mixamorig_Hips,-1,0.9903910160064697,-0.02413400076329708,0.1361760050058365,0,0.021796999499201775,0.9995890259742737,0.01863200031220913,0,-0.136570006608963,-0.015484999865293503,0.9905089735984802,0,-0.015651000663638115,0.8978779911994934,0.008402000181376934,1
B1,mixamorig_Spine,0,0.9999489784240723,-0.0038300000596791506,-0.009335000067949295,0,0.0030159999150782824,0.9963170289993286,-0.08569899946451187,0,0.00962899997830391,0.0856660008430481,0.9962769746780396,0,0,0.11168400198221207,-0.009050000458955765,1
B2,mixamorig_Spine1,1,0.9996950030326843,0.008954999968409538,-0.023019999265670776,0,-0.009021000005304813,0.9999560117721558,-0.002727000042796135,0,0.022995000705122948,0.002933999989181757,0.9997310042381287,0,0,0.13072499632835388,0,1
B3,mixamorig_Spine2,2,0.9996950030326843,0.00887800008058548,-0.023043999448418617,0,-0.008940000087022781,0.9999570250511169,-0.002595999976620078,0,0.023019999265670776,0.0028009999077767134,0.9997310042381287,0,0,0.149399995803833,0,1
B4,mixamorig_Neck,3,0.9987459778785706,0.0485370010137558,-0.012304999865591526,0,-0.048847001045942307,0.9984610080718994,-0.026277000084519386,0,0.011009999550879002,0.026845000684261322,0.9995790123939514,0,0,0.16807499527931213,0,1
B5,mixamorig_Head,4,0.9935190081596375,0.02957499958574772,-0.10975199937820435,0,-0.03737900033593178,0.9968649744987488,-0.06973599642515182,0,0.10734599828720093,0.07338699698448181,0.9915099740028381,0,0,0.0061039999127388,0.0017030000453814864,1
B6,mixamorig_HeadTop_End,5,1,0,0,0,0,1,0,0,0,0,1,0,0,0.37451401352882385,0.10445500165224075,1
B7,mixamorig_LeftShoulder,3,-0.03351899981498718,0.023641999810934067,-0.9991580247879028,0,0.895363986492157,-0.4434880018234253,-0.0405299998819828,0,-0.44407299160957336,-0.8959689736366272,-0.006302999798208475,0,0.07132100313901901,0.14723099768161774,-0.0013689999468624592,1
B8,mixamorig_LeftArm,7,0.7184609770774841,0.43012601137161255,-0.5466309785842896,0,0.016739999875426292,0.774957001209259,0.6317920088768005,0,0.6953660249710083,-0.46306800842285156,0.5495759844779968,0,0,0.14694300293922424,0,1
B9,mixamorig_LeftForeArm,8,-0.2893959879875183,0.9490839838981628,0.1244560033082962,0,-0.950419008731842,-0.3003639876842499,0.08053600043058395,0,0.113816998898983,-0.09497900307178497,0.9889510273933411,0,0,0.33110299706459045,0,1
B10,mixamorig_LeftHand,9,0.9559749960899353,0.2926569879055023,-0.02153399959206581,0,-0.2913390100002289,0.937762975692749,-0.18900400400161743,0,-0.03511999920010567,0.1869560033082962,0.9817399978637695,0,0,0.2636969983577728,0,1
B11,mixamorig_LeftHandThumb1,10,0.8609579801559448,0.13528700172901154,-0.4903550148010254,0,0.1789489984512329,0.8218100070953369,0.5409299731254578,0,0.4761599898338318,-0.5534669756889343,0.68333500623703,0,-0.03330399841070175,0.04249899834394455,0.013031999580562115,1
B12,mixamorig_LeftHandThumb2,11,0.9370489716529846,-0.1056860014796257,-0.33281999826431274,0,0.21465100347995758,0.9260990023612976,0.31026598811149597,0,0.2754330039024353,-0.36217498779296875,0.8904860019683838,0,-0.005801999941468239,0.04405499994754791,0,1
B13,mixamorig_LeftHandThumb3,12,0.9908689856529236,0.10875599831342697,-0.07968900352716446,0,-0.09893400222063065,0.9880419969558716,0.118258997797966,0,0.09159799665212631,-0.10929600149393082,0.9897800087928772,0,-0.0008570000063627958,0.048542000353336334,0,1
B14,mixamorig_LeftHandThumb4,13,1,0,0,0,0,1,0,0,0,0,1,0,0.006657999940216541,0.03583800047636032,0,1
B15,mixamorig_LeftHandIndex1,10,0.9447320103645325,-0.32481199502944946,-0.0444829985499382,0,0.2700420022010803,0.6940310001373291,0.667382001876831,0,-0.1859010010957718,-0.6425089836120605,0.7433859705924988,0,-0.0277670007199049,0.11156299710273743,-0.0023719999007880688,1
B16,mixamorig_LeftHandIndex2,15,0.995527982711792,-0.08759400248527527,-0.035360001027584076,0,0.08768299967050552,0.717644989490509,0.690867006778717,0,-0.03514000028371811,-0.6908789873123169,0.7221159934997559,0,0.00019700000120792538,0.04518600180745125,0,1
B17,mixamorig_LeftHandIndex3,16,0.999235987663269,-0.03813700005412102,-0.00849200040102005,0,0.03855299949645996,0.9271309971809387,0.3727479875087738,0,-0.00634300010278821,-0.37279099225997925,0.9278939962387085,0,-0.00021300000662449747,0.04158100113272667,0,1
B18,mixamorig_LeftHandIndex4,17,1,0,0,0,0,1,0,0,0,0,1,0,0.00001700000029813964,0.02915799990296364,0,1
B19,mixamorig_LeftHandMiddle1,10,0.9475539922714233,-0.3138029873371124,-0.06057199835777283,0,0.2722870111465454,0.6934260129928589,0.6670989990234375,0,-0.16733500361442566,-0.6486049890518188,0.7425029873847961,0,0.0277670007199049,0.10746400058269501,-0.003360999980941415,1
B20,mixamorig_LeftHandMiddle2,19,0.9977539777755737,-0.06349200010299683,-0.02136700041592121,0,0.060561999678611755,0.7185559868812561,0.6928269863128662,0,-0.028635000810027122,-0.6925650238990784,0.720786988735199,0,0.0000940000027185306,0.048544999212026596,0,1
B21,mixamorig_LeftHandMiddle3,20,0.9983540177345276,-0.05620599910616875,-0.011378999799489975,0,0.05638600140810013,0.9259639978408813,0.3733780086040497,0,-0.01044899970293045,-0.37340500950813293,0.9276090264320374,0,0.00029299999005161226,0.04197299852967262,0,1
B22,mixamorig_LeftHandMiddle4,21,1,0,0,0,0,1,0,0,0,0,1,0,-0.0003859999997075647,0.028812000527977943,0,1
B23,mixamorig_RightShoulder,3,-0.21761000156402588,0.036747001111507416,0.9753440022468567,0,-0.8784369826316833,-0.4429439902305603,-0.17930099368095398,0,0.4254339933395386,-0.895796000957489,0.12866899371147156,0,-0.07132100313901901,0.14728300273418427,-0.002004999900236726,1
B24,mixamorig_RightArm,23,0.8109210133552551,-0.3075239956378937,0.49783098697662354,0,-0.17373399436473846,0.6858720183372498,0.7066799998283386,0,-0.5587689876556396,-0.6595519781112671,0.5027610063552856,0,0,0.14694300293922424,0,1
B25,mixamorig_RightForeArm,24,0.875577986240387,-0.48246198892593384,-0.024369999766349792,0,0.4830760061740875,0.8745319843292236,0.04279699921607971,0,0.0006649999995715916,-0.049244001507759094,0.998786985874176,0,0,0.33115899562835693,0,1
B26,mixamorig_RightHand,25,0.9595980048179626,-0.26850301027297974,0.08412600308656693,0,0.2781679928302765,0.9502729773521423,-0.14001399278640747,0,-0.04234800115227699,0.15775899589061737,0.9865689873695374,0,0,0.26368600130081177,0,1
B27,mixamorig_RightHandThumb1,26,0.9857710003852844,0.006020000204443932,0.16798700392246246,0,-0.05399300158023834,0.9577419757843018,0.2825149893760681,0,-0.15918800234794617,-0.2875649929046631,0.9444389939308167,0,0.03561900183558464,0.04505300149321556,0.014945999719202518,1
B28,mixamorig_RightHandThumb2,27,0.9826340079307556,0.1651500016450882,-0.08459000289440155,0,-0.16317300498485565,0.9861469864845276,0.02982199937105179,0,0.08834400027990341,-0.015500999987125397,0.9959689974784851,0,0.009889000095427036,0.046434998512268066,0,1
B29,mixamorig_RightHandThumb3,28,0.9764530062675476,-0.20284199714660645,-0.0734499990940094,0,0.19755199551582336,0.9775450229644775,-0.0733409970998764,0,0.08667699992656708,0.057103998959064484,0.9945989847183228,0,-0.000666000007186085,0.046466998755931854,0,1
B30,mixamorig_RightHandThumb4,29,1,0,0,0,0,1,0,0,0,0,1,0,-0.009223000146448612,0.02739799953997135,0,1
B31,mixamorig_RightHandIndex1,26,0.9663699865341187,0.2565020024776459,0.018341999500989914,0,-0.2551499903202057,0.9474909901618958,0.19276900589466095,0,0.03206700086593628,-0.19096599519252777,0.9810730218887329,0,0.024302000179886818,0.10767599940299988,-0.0027620000764727592,1
B32,mixamorig_RightHandIndex2,31,0.9988300204277039,0.04798699915409088,0.005929000210016966,0,-0.047954000532627106,0.9674000144004822,0.24867300689220428,0,0.0061969999223947525,-0.24866700172424316,0.9685689806938171,0,-0.00023400000645779073,0.04715700075030327,0,1
B33,mixamorig_RightHandIndex3,32,0.9997569918632507,0.0219579990953207,0.0016789999790489674,0,-0.021995000541210175,0.9918680191040039,0.1253570020198822,0,0.0010870000114664435,-0.1253640055656433,0.992110013961792,0,0.00010699999984353781,0.042552001774311066,0,1
B34,mixamorig_RightHandIndex4,33,1,0,0,0,0,1,0,0,0,0,1,0,0.00012700000661425292,0.02932400070130825,0,1
B35,mixamorig_RightHandMiddle1,26,0.9648669958114624,0.2616640031337738,0.023724999278783798,0,-0.261243999004364,0.9458550214767456,0.1926400065422058,0,0.027966000139713287,-0.19207100570201874,0.9809830188751221,0,-0.024302000179886818,0.10817400366067886,-0.006271000020205975,1
B36,mixamorig_RightHandMiddle2,35,0.9993339776992798,0.036198001354932785,0.004540000110864639,0,-0.0361890010535717,0.9678599834442139,0.24887099862098694,0,0.004614999983459711,-0.24887000024318695,0.9685260057449341,0,0.000052999999752501026,0.04823099821805954,0,1
B37,mixamorig_RightHandMiddle3,36,0.9996110200881958,0.027858000248670578,0.001598999951966107,0,-0.027838999405503273,0.9917100071907043,0.12544000148773193,0,0.0019079999765381217,-0.1254359930753708,0.9921000003814697,0,-0.00011899999663000926,0.04431900009512901,0,1
B38,mixamorig_RightHandMiddle4,37,1,0,0,0,0,1,0,0,0,0,1,0,0.00006500000017695129,0.019222000613808632,0,1
B39,mixamorig_LeftUpLeg,0,-0.978547990322113,-0.18091200292110443,0.09856600314378738,0,0.18780699372291565,-0.9800000190734863,0.06578599661588669,0,0.08469299972057343,0.08288600295782089,0.9929540157318115,0,0.0897890031337738,-0.062185999006032944,-0.016467999666929245,1
B40,mixamorig_LeftLeg,39,0.9881790280342102,-0.0049600000493228436,0.15322500467300415,0,0.0562870018184185,0.9414100050926208,-0.33253300189971924,0,-0.1425980031490326,0.337226003408432,0.9305610060691833,0,0,0.3986560106277466,0,1
B41,mixamorig_LeftFoot,40,0.981095016002655,-0.10302899777889252,-0.1638209968805313,0,0.19214899837970734,0.4177899956703186,0.8879920244216919,0,-0.02304599992930889,-0.9026830196380615,0.4296880066394806,0,0,0.3349359929561615,0,1
B42,mixamorig_LeftToeBase,41,0.9672939777374268,0,-0.2536579966545105,0,0.16739800572395325,0.7513189911842346,0.638355016708374,0,0.19057799875736237,-0.6599389910697937,0.7267469763755798,0,0,0.15895000100135803,0,1
B43,mixamorig_LeftToe_End,42,1,0,0,0,0,1,0,0,0,0,1,0,0,0.06252100318670273,0,1
B44,mixamorig_RightUpLeg,0,-0.9706929922103882,0.1713559925556183,-0.16850100457668304,0,-0.18498800694942474,-0.980334997177124,0.06872600317001343,0,-0.15341100096702576,0.09788200259208679,0.9833030104637146,0,-0.0897890031337738,-0.062185999006032944,-0.0193099994212389,1
B45,mixamorig_RightLeg,44,0.9805110096931458,0.12220899760723114,0.15382899343967438,0,-0.08209899812936783,0.9662169814109802,-0.24430400133132935,0,-0.17848800122737885,0.22691300511360168,0.9574199914932251,0,0,0.3985320031642914,0,1
B46,mixamorig_RightFoot,45,0.9710260033607483,0.04532799869775772,0.23463700711727142,0,-0.22581399977207184,0.4953809976577759,0.838811993598938,0,-0.07821299880743027,-0.8674920201301575,0.4912639856338501,0,0,0.3349260091781616,0,1
B47,mixamorig_RightToeBase,46,0.9672260284423828,0,0.2539159953594208,0,-0.16839499771595,0.7484480142593384,0.6414589881896973,0,-0.19004300236701965,-0.6631940007209778,0.7239180207252502,0,0,0.15814700722694397,0,1
B48,mixamorig_RightToe_End,47,1,0,0,0,0,1,0,0,0,0,1,0,0,0.062116000801324844,0,1
@40,0,1,2,3,4,5,7,8,9,10,11,12,13,15,16,17,19,20,21,23,24,25,26,27,28,29,31,32,33,35,36,37,39,40,41,42,44,45,46,47
K0,0.990390956401825,-0.02413436397910118,0.1361762136220932,0,0.021796638146042824,0.9995890259742737,0.01863211765885353,0,-0.1365697830915451,-0.015484881587326527,0.9905089735984802,0,-0.015651000663638115,0.8978779911994934,0.008402000181376934,1,0.9999489784240723,-0.0038299786392599344,-0.009335082024335861,0,0.0030160213354974985,0.9963170289993286,-0.08569879084825516,0,0.009628918021917343,0.08566620200872421,0.9962769150733948,0,0,0.11168400198221207,-0.009050000458955765,1,0.9996950030326843,0.00895543210208416,-0.023020224645733833,0,-0.009020568802952766,0.9999560713768005,-0.002727089449763298,0,0.022994771599769592,0.002933910582214594,0.9997310042381287,0,0,0.13072499632835388,0,1,0.9996950030326843,0.008877918124198914,-0.023044023662805557,0,-0.008940082974731922,0.9999570250511169,-0.0025958886835724115,0,0.023019976913928986,0.0028011114336550236,0.9997310042381287,0,0,0.149399995803833,0,1,0.9987459182739258,0.048537060618400574,-0.012304676696658134,0,-0.04884694889187813,0.9984610676765442,-0.0262769665569067,0,0.011010324582457542,0.026845036074519157,0.9995789527893066,0,0,0.16807499527931213,0,1,0.9935190081596375,0.029575379565358162,-0.10975226759910583,0,-0.03737862408161163,0.996864914894104,-0.06973627209663391,0,0.10734575241804123,0.07338672876358032,0.9915100932121277,0,0,0.0061039999127388,0.0017030000453814864,1,-0.033518679440021515,0.023641662672162056,-0.9991580247879028,0,0.8953637480735779,-0.4434882700443268,-0.04053036496043205,0,-0.44407328963279724,-0.8959687948226929,-0.00630270317196846,0,0.07132100313901901,0.14723099768161774,-0.0013689999468624592,1,0.7184606790542603,0.4301263988018036,-0.5466310977935791,0,0.016740446910262108,0.7749572396278381,0.6317917108535767,0,0.6953659653663635,-0.4630683362483978,0.5495758056640625,0,0,0.14694300293922424,0,1,-0.2893960475921631,0.9490839838981628,0.12445657700300217,0,-0.9504191279411316,-0.30036410689353943,0.08053594082593918,0,0.11381756514310837,-0.09497906267642975,0.9889509081840515,0,0,0.33110299706459045,0,1,0.9559749960899353,0.29265695810317993,-0.02153371088206768,0,-0.2913390100002289,0.937762975692749,-0.18900369107723236,0,-0.03511970862746239,0.18695633113384247,0.9817399382591248,0,0,0.2636969983577728,0,1,0.8609579801559448,0.13528700172901154,-0.49035510420799255,0,0.1789489984512329,0.8218100070953369,0.540929913520813,0,0.476159930229187,-0.5534669756889343,0.68333500623703,0,-0.03330399841070175,0.04249899834394455,0.013031999580562115,1,0.9370490312576294,-0.10568606108427048,-0.33281973004341125,0,0.2146509438753128,0.9260989427566528,0.3102661967277527,0,0.2754332721233368,-0.3621748089790344,0.8904860019683838,0,-0.005801999941468239,0.04405499994754791,0,1,0.9908689856529236,0.10875557363033295,-0.07968925684690475,0,-0.09893441945314407,0.988041877746582,0.11825939267873764,0,0.09159772098064423,-0.10929559916257858,0.989780068397522,0,-0.0008570000063627958,0.048542000353336334,0,1,0.9447319507598877,-0.32481226325035095,-0.04448309540748596,0,0.27004173398017883,0.6940311789512634,0.667382001876831,0,-0.18590110540390015,-0.6425090432167053,0.743385910987854,0,-0.0277670007199049,0.11156299710273743,-0.0023719999007880688,1,0.995527982711792,-0.08759424090385437,-0.03536006063222885,0,0.08768276870250702,0.7176446914672852,0.6908673644065857,0,-0.035140059888362885,-0.6908786296844482,0.7221162915229797,0,0.00019700000120792538,0.04518600180745125,0,1,0.9992359280586243,-0.038137152791023254,-0.008491666987538338,0,0.038552843034267426,0.9271309971809387,0.3727479875087738,0,-0.006342667154967785,-0.37279099225997925,0.9278940558433533,0,-0.00021300000662449747,0.04158100113272667,0,1,0.9475540518760681,-0.31380289793014526,-0.06057217717170715,0,0.2722871005535126,0.6934261322021484,0.667098879814148,0,-0.16733518242835999,-0.6486051082611084,0.7425029277801514,0,0.0277670007199049,0.10746400058269501,-0.003360999980941415,1,0.9977539777755737,-0.06349177658557892,-0.021367251873016357,0,0.06056222319602966,0.7185558676719666,0.692827045917511,0,-0.028635254129767418,-0.6925649046897888,0.7207871079444885,0,0.0000940000027185306,0.048544999212026596,0,1,0.9983540177345276,-0.05620584264397621,-0.011379248462617397,0,0.056386157870292664,0.9259639978408813,0.3733779788017273,0,-0.010449249297380447,-0.37340500950813293,0.9276090860366821,0,0.00029299999005161226,0.04197299852967262,0,1,-0.21761015057563782,0.03674684092402458,0.9753440618515015,0,-0.8784371018409729,-0.44294384121894836,-0.17930087447166443,0,0.4254339039325714,-0.8957960605621338,0.1286688596010208,0,-0.07132100313901901,0.14728300273418427,-0.002004999900236726,1,0.8109212517738342,-0.307524174451828,0.4978306293487549,0,-0.1737341731786728,0.685871958732605,0.7066799998283386,0,-0.5587692856788635,-0.6595519781112671,0.502760648727417,0,0,0.14694300293922424,0,1,0.8755781650543213,-0.4824616611003876,-0.02437019534409046,0,0.4830763041973114,0.8745318651199341,0.04279657453298569,0,0.0006648043636232615,-0.04924442246556282,0.998786985874176,0,0,0.33115899562835693,0,1,0.9595980644226074,-0.26850277185440063,0.08412579447031021,0,0.2781682312488556,0.950272798538208,-0.14001435041427612,0,-0.042348217219114304,0.15775863826274872,0.9865690469741821,0,0,0.26368600130081177,0,1,0.9857708811759949,0.006020102649927139,0.16798730194568634,0,-0.053992897272109985,0.9577419757843018,0.28251492977142334,0,-0.1591877043247223,-0.28756505250930786,0.9444389939308167,0,0.03561900183558464,0.04505300149321556,0.014945999719202518,1,0.9826340079307556,0.16514989733695984,-0.08459039777517319,0,-0.16317309439182281,0.9861469864845276,0.029821885749697685,0,0.08834359794855118,-0.015501112677156925,0.9959689974784851,0,0.009889000095427036,0.046434998512268066,0,1,0.9764530062675476,-0.20284196734428406,-0.07344982028007507,0,0.19755202531814575,0.9775450229644775,-0.07334104925394058,0,0.086677186191082,0.05710394307971001,0.9945989847183228,0,-0.000666000007186085,0.046466998755931854,0,1,0.9663699865341187,0.2565021216869354,0.018341874703764915,0,-0.25514987111091614,0.9474909901618958,0.19276897609233856,0,0.03206687420606613,-0.19096601009368896,0.9810729622840881,0,0.024302000179886818,0.10767599940299988,-0.0027620000764727592,1,0.9988299608230591,0.04798741638660431,0.005929241422563791,0,-0.04795357957482338,0.9674000144004822,0.24867333471775055,0,0.006197241600602865,-0.2486666440963745,0.9685690402984619,0,-0.00023400000645779073,0.04715700075030327,0,1,0.9997569918632507,0.021957863122224808,0.0016791162779554725,0,-0.02199513465166092,0.9918679594993591,0.1253572702407837,0,0.0010871163103729486,-0.12536375224590302,0.9921100735664368,0,0.00010699999984353781,0.042552001774311066,0,1,0.964867115020752,0.261663556098938,0.023725299164652824,0,-0.26124444603919983,0.9458547830581665,0.19264039397239685,0,0.027966298162937164,-0.1920706182718277,0.9809830188751221,0,-0.024302000179886818,0.10817400366067886,-0.006271000020205975,1,0.9993339776992798,0.036198243498802185,0.004539805464446545,0,-0.0361887589097023,0.9678599834442139,0.24887113273143768,0,0.0046148053370416164,-0.248869851231575,0.9685260653495789,0,0.000052999999752501026,0.04823099821805954,0,1,0.999610960483551,0.02785824052989483,0.0015994003042578697,0,-0.027838755398988724,0.9917100071907043,0.1254401057958603,0,0.0019084004452452064,-0.12543587386608124,0.9921000003814697,0,-0.00011899999663000926,0.04431900009512901,0,1,-0.9785480499267578,-0.1809120625257492,0.09856586903333664,0,0.1878069043159485,-0.9800001382827759,0.06578592956066132,0,0.08469312638044357,0.08288607746362686,0.9929540157318115,0,0.0897890031337738,-0.062185999006032944,-0.016467999666929245,1,0.9881790280342102,-0.004959979094564915,0.1532248854637146,0,0.056287020444869995,0.9414100646972656,-0.3325326442718506,0,-0.14259809255599976,0.33722636103630066,0.9305608868598938,0,0,0.3986560106277466,0,1,0.981095016002655,-0.1030290275812149,-0.16382119059562683,0,0.19214896857738495,0.4177897274494171,0.8879920840263367,0,-0.02304617501795292,-0.9026827812194824,0.42968839406967163,0,0,0.3349359929561615,0,1,0.9672940373420715,0,-0.2536577582359314,0,0.1673983484506607,0.7513189911842346,0.6383548974990845,0,0.19057825207710266,-0.659939169883728,0.7267467975616455,0,0,0.15895000100135803,0,1,-0.970693051815033,0.1713559329509735,-0.168501079082489,0,-0.18498805165290833,-0.9803350567817688,0.06872573494911194,0,-0.15341094136238098,0.09788227081298828,0.9833030700683594,0,-0.0897890031337738,-0.062185999006032944,-0.0193099994212389,1,0.9805110692977905,0.12220875173807144,0.15382885932922363,0,-0.08209924399852753,0.966217041015625,-0.24430370330810547,0,-0.1784881353378296,0.22691328823566437,0.9574198722839355,0,0,0.3985320031642914,0,1,0.9710260033607483,0.045328184962272644,0.234637051820755,0,-0.22581380605697632,0.49538132548332214,0.8388118147850037,0,-0.07821296155452728,-0.867492139339447,0.491263747215271,0,0,0.3349260091781616,0,1,0.9672260284423828,0,0.253915935754776,0,-0.16839537024497986,0.7484478950500488,0.6414589881896973,0,-0.19004303216934204,-0.663193941116333,0.7239180207252502,0,0,0.15814700722694397,0,1
K0.033,0.9903879761695862,-0.024119259789586067,0.13619910180568695,0,0.021778739988803864,0.9995889663696289,0.018648752942681313,0,-0.13659287989139557,-0.015503252856433392,0.9905059337615967,0,-0.015602999366819859,0.8977469801902771,0.008734002709388733,1,0.9999449849128723,-0.004961633123457432,-0.009209001436829567,0,0.004143384750932455,0.996213972568512,-0.08683796972036362,0,0.009604997001588345,0.08679506182670593,0.99617999792099,0,0,0.11168400198221207,-0.009050000458955765,1,0.9997050166130066,0.008294863626360893,-0.022818129509687424,0,-0.008383125066757202,0.9999579787254333,-0.0037749249022454023,0,0.022785866633057594,0.003965100273489952,0.9997329711914062,0,0,0.13072499632835388,0,1,0.9997050166130066,0.008221037685871124,-0.022846868261694908,0,-0.00830595102161169,0.9999589323997498,-0.0036241644993424416,0,0.02281612902879715,0.0038128593005239964,0.9997320175170898,0,0,0.149399995803833,0,1,0.9988160133361816,0.047007642686367035,-0.012525065802037716,0,-0.04728632792830467,0.9986169934272766,-0.022970927879214287,0,0.011427940800786018,0.023536009714007378,0.9996580481529236,0,0,0.16807499527931213,0,1,0.9935669302940369,0.028390029445290565,-0.10962601751089096,0,-0.03566692769527435,0.9972479343414307,-0.06499901413917542,0,0.10747897624969482,0.0684908851981163,0.9918450117111206,0,0,0.0061039999127388,0.0017030000453814864,1,-0.03383473679423332,0.02367343381047249,-0.9991470575332642,0,0.8952370882034302,-0.44371598958969116,-0.040829189121723175,0,-0.44430431723594666,-0.8958554863929749,-0.00618036650121212,0,0.07132100313901901,0.14723099768161774,-0.0013689999468624592,1,0.7178429365158081,0.4283745586872101,-0.5488133430480957,0,0.018584532663226128,0.7762219905853271,0.6301860809326172,0,0.6959567070007324,-0.4625740647315979,0.5492443442344666,0,0,0.14694300293922424,0,1,-0.29059600830078125,0.9487040042877197,0.12455800175666809,0,-0.9500380158424377,-0.30157408118247986,0.08050301671028137,0,0.11393699795007706,-0.09494096785783768,0.9889410138130188,0,0,0.33110299706459045,0,1,0.9566650390625,0.2906668484210968,-0.017458541318774223,0,-0.2886480987071991,0.9386999011039734,-0.1884801685810089,0,-0.03839661553502083,0.18535181879997253,0.9819220304489136,0,0,0.2636969983577728,0,1,0.8609579801559448,0.13528700172901154,-0.49035510420799255,0,0.1789489984512329,0.8218100070953369,0.540929913520813,0,0.476159930229187,-0.5534669756889343,0.68333500623703,0,-0.03330399841070175,0.04249899834394455,0.013031999580562115,1,0.9370488524436951,-0.10568598657846451,-0.33282020688056946,0,0.21465101838111877,0.9260989427566528,0.31026607751846313,0,0.2754337787628174,-0.3621748685836792,0.8904860615730286,0,-0.005801999941468239,0.04405499994754791,0,1,0.9908689260482788,0.10875607281923294,-0.07968923449516296,0,-0.09893493354320526,0.9880419373512268,0.11825942993164062,0,0.09159775823354721,-0.10929557681083679,0.989780068397522,0,-0.0008570000063627958,0.048542000353336334,0,1,0.9447319507598877,-0.32481226325035095,-0.04448309540748596,0,0.27004173398017883,0.6940311789512634,0.667382001876831,0,-0.18590110540390015,-0.6425090432167053,0.743385910987854,0,-0.0277670007199049,0.11156299710273743,-0.0023719999007880688,1,0.9955280423164368,-0.08759370446205139,-0.03535986691713333,0,0.08768229931592941,0.7176449298858643,0.690868079662323,0,-0.035139866173267365,-0.6908789277076721,0.7221159934997559,0,0.00019700000120792538,0.04518600180745125,0,1,0.9992359280586243,-0.038137152791023254,-0.008491666987538338,0,0.038552843034267426,0.9271309971809387,0.3727479875087738,0,-0.006342667154967785,-0.37279099225997925,0.9278940558433533,0,-0.00021300000662449747,0.04158100113272667,0,1,0.9475539922714233,-0.31380295753479004,-0.06057215481996536,0,0.2722870111465454,0.6934258341789246,0.6670981049537659,0,-0.1673351526260376,-0.6486047506332397,0.7425031661987305,0,0.0277670007199049,0.10746400058269501,-0.003360999980941415,1,0.9977539777755737,-0.06349197775125504,-0.021366754546761513,0,0.060562022030353546,0.7185558676719666,0.6928271055221558,0,-0.028635751456022263,-0.6925649046897888,0.7207871079444885,0,0.0000940000027185306,0.048544999212026596,0,1,0.9983540177345276,-0.05620593950152397,-0.011378748342394829,0,0.056386061012744904,0.9259640574455261,0.37337785959243774,0,-0.010449748486280441,-0.3734051585197449,0.927609920501709,0,0.00029299999005161226,0.04197299852967262,0,1,-0.21703533828258514,0.03653601557016373,0.9754799604415894,0,-0.8785771131515503,-0.442833811044693,-0.1788892149925232,0,0.4254392385482788,-0.8958589434623718,0.12821011245250702,0,-0.07132100313901901,0.14728300273418427,-0.002004999900236726,1,0.8109492659568787,-0.30824291706085205,0.4973408281803131,0,-0.1743619292974472,0.6840609312057495,0.7082781195640564,0,-0.5585331916809082,-0.6610949635505676,0.5009928941726685,0,0,0.14694300293922424,0,1,0.8772249817848206,-0.4794679880142212,-0.02422383800148964,0,0.4800789952278137,0.8761940002441406,0.042531758546829224,0,0.000832162331789732,-0.048939239233732224,0.9988009929656982,0,0,0.33115899562835693,0,1,0.9593589901924133,-0.2692570388317108,0.08443998545408249,0,0.2789499759674072,0.9500950574874878,-0.13966578245162964,0,-0.04262003302574158,0.15754421055316925,0.9865919351577759,0,0,0.26368600130081177,0,1,0.9857710599899292,0.006019033957272768,0.16798768937587738,0,-0.05399196967482567,0.9577419757843018,0.2825149893760681,0,-0.15918833017349243,-0.2875649631023407,0.9444388747215271,0,0.03561900183558464,0.04505300149321556,0.014945999719202518,1,0.9826340079307556,0.16514989733695984,-0.08459094166755676,0,-0.163173109292984,0.9861470460891724,0.029821427538990974,0,0.08834405243396759,-0.015500572510063648,0.9959689974784851,0,0.009889000095427036,0.046434998512268066,0,1,0.9764530062675476,-0.20284201204776764,-0.0734497606754303,0,0.19755198061466217,0.9775449633598328,-0.07334207743406296,0,0.08667724579572678,0.057104915380477905,0.9945979714393616,0,-0.000666000007186085,0.046466998755931854,0,1,0.9663701057434082,0.25650158524513245,0.018342334777116776,0,-0.25514939427375793,0.9474908709526062,0.1927688866853714,0,0.032066330313682556,-0.19096609950065613,0.9810729622840881,0,0.024302000179886818,0.10767599940299988,-0.0027620000764727592,1,0.9988300204277039,0.0479879267513752,0.0059292931109666824,0,-0.04795408621430397,0.967400074005127,0.24867287278175354,0,0.006197292823344469,-0.24866613745689392,0.9685689210891724,0,-0.00023400000645779073,0.04715700075030327,0,1,0.9997569918632507,0.02195783145725727,0.001679621753282845,0,-0.021995170041918755,0.9918680191040039,0.1253577619791031,0,0.0010866217780858278,-0.1253642439842224,0.992110013961792,0,0.00010699999984353781,0.042552001774311066,0,1,0.9648680090904236,0.2616631090641022,0.02372531220316887,0,-0.26124387979507446,0.9458550810813904,0.19264090061187744,0,0.02796630933880806,-0.1920710802078247,0.9809829592704773,0,-0.024302000179886818,0.10817400366067886,-0.006271000020205975,1,0.9993339776992798,0.036198243498802185,0.004539805464446545,0,-0.0361887589097023,0.9678599834442139,0.24887113273143768,0,0.0046148053370416164,-0.248869851231575,0.9685260653495789,0,0.000052999999752501026,0.04823099821805954,0,1,0.999610960483551,0.027858208864927292,0.0015999003080651164,0,-0.02783878706395626,0.9917100071907043,0.1254401057958603,0,0.0019079004414379597,-0.12543588876724243,0.9921000003814697,0,-0.00011899999663000926,0.04431900009512901,0,1,-0.978602945804596,-0.18076393008232117,0.09829206019639969,0,0.18767307698726654,-0.9799969792366028,0.06622413545846939,0,0.0843549445271492,0.083253875374794,0.9929520487785339,0,0.0897890031337738,-0.062185999006032944,-0.016467999666929245,1,0.9881879687309265,-0.004671106580644846,0.15317639708518982,0,0.056270889937877655,0.9407740235328674,-0.3343319594860077,0,-0.14254263043403625,0.3390020430088043,0.9299240112304688,0,0,0.3986560106277466,0,1,0.9811760187149048,-0.10302849113941193,-0.16333693265914917,0,0.19167651236057281,0.41647952795028687,0.8887098431587219,0,-0.02353593148291111,-0.9032881259918213,0.4283876419067383,0,0,0.3349359929561615,0,1,0.967293918132782,0,-0.2536572515964508,0,0.16739816963672638,0.7513189911842346,0.6383549571037292,0,0.19057779014110565,-0.659939169883728,0.7267469167709351,0,0,0.15895000100135803,0,1,-0.9706351161003113,0.17159080505371094,-0.16859623789787292,0,-0.18533019721508026,-0.980226993560791,0.06933759152889252,0,-0.15336479246616364,0.09854741394519806,0.9832429885864258,0,-0.0897890031337738,-0.062185999006032944,-0.0193099994212389,1,0.9804961085319519,0.12257074564695358,0.15363700687885284,0,-0.08208425343036652,0.9656508564949036,-0.24653731286525726,0,-0.1785779893398285,0.22911770641803741,0.956878125667572,0,0,0.3985320031642914,0,1,0.9709820747375488,0.044834233820438385,0.2349115014076233,0,-0.22592975199222565,0.49405303597450256,0.8395640254020691,0,-0.07841750979423523,-0.8682749271392822,0.4898459017276764,0,0,0.3349260091781616,0,1,0.9672261476516724,0,0.2539154887199402,0,-0.16839519143104553,0.7484478950500488,0.6414591073989868,0,-0.19004254043102264,-0.6631938815116882,0.7239179611206055,0,0,0.15814700722694397,0,1
K0.067,0.9903849363327026,-0.024207137525081635,0.13620620965957642,0,0.021826863288879395,0.9995819926261902,0.01894203945994377,0,-0.13660778105258942,-0.015786951407790184,0.9904990196228027,0,-0.015551000833511353,0.8976609706878662,0.009052997455000877,1,0.9999420046806335,-0.005865742452442646,-0.009071625769138336,0,0.005043239798396826,0.9960920810699463,-0.08817291259765625,0,0.009553375653922558,0.08812205493450165,0.9960640072822571,0,0,0.11168400198221207,-0.009050000458955765,1,0.9997149705886841,0.007756175007671118,-0.02259002812206745,0,-0.007871835492551327,0.9999560117721558,-0.005035792477428913,0,0.022549975663423538,0.005212181713432074,0.9997320175170898,0,0,0.13072499632835388,0,1,0.9997140169143677,0.007683946751058102,-0.022625688463449478,0,-0.007796063553541899,0.9999579787254333,-0.004870988428592682,0,0.022587314248085022,0.005045987665653229,0.9997320175170898,0,0,0.149399995803833,0,1,0.9988790154457092,0.04560521990060806,-0.012704677879810333,0,-0.04584880918264389,0.9987559914588928,-0.019593268632888794,0,0.011795314028859138,0.020153794437646866,0.9997270107269287,0,0,0.16807499527931213,0,1,0.9936119914054871,0.026780743151903152,-0.10962685942649841,0,-0.03351129591464996,0.9976339340209961,-0.06002037227153778,0,0.10776013880968094,0.06331073492765427,0.9921590089797974,0,0,0.0061039999127388,0.0017030000453814864,1,-0.03410451114177704,0.023692604154348373,-0.9991369843482971,0,0.8951448798179626,-0.4438791573047638,-0.041080575436353683,0,-0.44446954131126404,-0.8957737684249878,-0.006070053204894066,0,0.07132100313901901,0.14723099768161774,-0.0013689999468624592,1,0.7169780135154724,0.4268520176410675,-0.5511248707771301,0,0.020400049164891243,0.7774160504341125,0.6286560297012329,0,0.6967971324920654,-0.46197596192359924,0.5486828684806824,0,0,0.14694300293922424,0,1,-0.29131877422332764,0.9484740495681763,0.12461911886930466,0,-0.94980788230896,-0.3023032248020172,0.08048435300588608,0,0.11401012539863586,-0.0949176549911499,0.9889350533485413,0,0,0.33110299706459045,0,1,0.9572049379348755,0.28910109400749207,-0.013414903543889523,0,-0.2863650321960449,0.9394001364707947,-0.18847672641277313,0,-0.0418868288397789,0.18425224721431732,0.9819859266281128,0,0,0.2636969983577728,0,1,0.8609581589698792,0.13528715074062347,-0.4903557002544403,0,0.17894914746284485,0.8218100070953369,0.5409298539161682,0,0.47616028785705566,-0.5534669756889343,0.6833347678184509,0,-0.03330399841070175,0.04249899834394455,0.013031999580562115,1,0.9370490312576294,-0.10568606108427048,-0.33281973004341125,0,0.2146509438753128,0.9260989427566528,0.3102661967277527,0,0.2754332721233368,-0.3621748089790344,0.8904860019683838,0,-0.005801999941468239,0.04405499994754791,0,1,0.9908689260482788,0.10875508189201355,-0.07968925684690475,0,-0.09893391281366348,0.9880419373512268,0.11825988441705704,0,0.09159772843122482,-0.10929611325263977,0.9897800087928772,0,-0.0008570000063627958,0.048542000353336334,0,1,0.9447319507598877,-0.32481226325035095,-0.04448309540748596,0,0.27004173398017883,0.6940311789512634,0.667382001876831,0,-0.18590110540390015,-0.6425090432167053,0.743385910987854,0,-0.0277670007199049,0.11156299710273743,-0.0023719999007880688,1,0.995527982711792,-0.08759420365095139,-0.03536006435751915,0,0.0876827985048294,0.7176448702812195,0.690868079662323,0,-0.03514006361365318,-0.6908789277076721,0.7221159934997559,0,0.00019700000120792538,0.04518600180745125,0,1,0.999235987663269,-0.03813775256276131,-0.00849126372486353,0,0.03855324536561966,0.927130937576294,0.3727479875087738,0,-0.006343264132738113,-0.37279099225997925,0.9278940558433533,0,-0.00021300000662449747,0.04158100113272667,0,1,0.9475540518760681,-0.31380289793014526,-0.06057217717170715,0,0.2722871005535126,0.6934261322021484,0.667098879814148,0,-0.16733518242835999,-0.6486051082611084,0.7425029277801514,0,0.0277670007199049,0.10746400058269501,-0.003360999980941415,1,0.9977539777755737,-0.06349177658557892,-0.021367251873016357,0,0.06056222319602966,0.7185558676719666,0.692827045917511,0,-0.028635254129767418,-0.6925649046897888,0.7207871079444885,0,0.0000940000027185306,0.048544999212026596,0,1,0.9983540177345276,-0.05620593950152397,-0.011378748342394829,0,0.056386061012744904,0.9259639978408813,0.3733779788017273,0,-0.010449749417603016,-0.37340500950813293,0.9276090860366821,0,0.00029299999005161226,0.04197299852967262,0,1,-0.2166958898305893,0.036380231380462646,0.9755610823631287,0,-0.878718912601471,-0.44263604283332825,-0.17867827415466309,0,0.4253181219100952,-0.8959628343582153,0.1278853714466095,0,-0.07132100313901901,0.14728300273418427,-0.002004999900236726,1,0.8108060359954834,-0.30807721614837646,0.49767783284187317,0,-0.17586618661880493,0.6827569603919983,0.7091640830039978,0,-0.5582701563835144,-0.6625189781188965,0.4994029402732849,0,0,0.14694300293922424,0,1,0.8779390454292297,-0.4781630337238312,-0.024160534143447876,0,0.47877204418182373,0.8769140243530273,0.042414914816617966,0,0.0009054676629602909,-0.04880509525537491,0.9988080263137817,0,0,0.33115899562835693,0,1,0.95927894115448,-0.2693180441856384,0.08515680581331253,0,0.2791129946708679,0.9500830173492432,-0.1394219994544983,0,-0.043357182294130325,0.15751300752162933,0.9865649938583374,0,0,0.26368600130081177,0,1,0.9857710599899292,0.006020028609782457,0.16798782348632812,0,-0.053992968052625656,0.9577419757843018,0.28251492977142334,0,-0.1591881811618805,-0.28756508231163025,0.9444388747215271,0,0.03561900183558464,0.04505300149321556,0.014945999719202518,1,0.9826340079307556,0.16514989733695984,-0.08459094166755676,0,-0.163173109292984,0.9861470460891724,0.029821427538990974,0,0.08834405243396759,-0.015500572510063648,0.9959689974784851,0,0.009889000095427036,0.046434998512268066,0,1,0.9764530062675476,-0.20284196734428406,-0.07344985753297806,0,0.19755201041698456,0.9775450229644775,-0.07334107905626297,0,0.08667714148759842,0.05710391327738762,0.9945979714393616,0,-0.000666000007186085,0.046466998755931854,0,1,0.9663699865341187,0.2565021216869354,0.018341874703764915,0,-0.25514987111091614,0.9474909901618958,0.19276897609233856,0,0.03206687420606613,-0.19096601009368896,0.9810729622840881,0,0.024302000179886818,0.10767599940299988,-0.0027620000764727592,1,0.9988299608230591,0.047987356781959534,0.00592972943559289,0,-0.04795364663004875,0.9674001336097717,0.24867285788059235,0,0.006196729838848114,-0.24866613745689392,0.9685689210891724,0,-0.00023400000645779073,0.04715700075030327,0,1,0.9997569918632507,0.021957863122224808,0.0016791162779554725,0,-0.02199513465166092,0.9918679594993591,0.1253572702407837,0,0.0010871163103729486,-0.12536375224590302,0.9921100735664368,0,0.00010699999984353781,0.042552001774311066,0,1,0.9648680090904236,0.2616631090641022,0.02372531220316887,0,-0.26124387979507446,0.9458550810813904,0.19264090061187744,0,0.02796630933880806,-0.1920710802078247,0.9809829592704773,0,-0.024302000179886818,0.10817400366067886,-0.006271000020205975,1,0.9993339776992798,0.03619774058461189,0.0045397416688501835,0,-0.03618825599551201,0.9678599238395691,0.2488711178302765,0,0.004614741541445255,-0.248869851231575,0.9685260653495789,0,0.000052999999752501026,0.04823099821805954,0,1,0.999610960483551,0.027858195826411247,0.0015998986782506108,0,-0.027838801965117455,0.9917110204696655,0.12544018030166626,0,0.001907898811623454,-0.12543582916259766,0.9921000003814697,0,-0.00011899999663000926,0.04431900009512901,0,1,-0.9786349534988403,-0.180698424577713,0.09808614104986191,0,0.18762660026550293,-0.9799761772155762,0.06665372848510742,0,0.0840778723359108,0.08363326638936996,0.9929429888725281,0,0.0897890031337738,-0.062185999006032944,-0.016467999666929245,1,0.9881899952888489,-0.0044733332470059395,0.15316519141197205,0,0.05625467002391815,0.9403659701347351,-0.33547917008399963,0,-0.14253078401088715,0.34013381600379944,0.9295130372047424,0,0,0.3986560106277466,0,1,0.9812398552894592,-0.10304922610521317,-0.16293933987617493,0,0.19129978120326996,0.4155133068561554,0.889242947101593,0,-0.023932332172989845,-0.9037311673164368,0.4274316132068634,0,0,0.3349359929561615,0,1,0.967293918132782,0,-0.2536572515964508,0,0.16739816963672638,0.7513189911842346,0.6383549571037292,0,0.19057779014110565,-0.659939169883728,0.7267469167709351,0,0,0.15895000100135803,0,1,-0.9706109166145325,0.1716589480638504,-0.16866539418697357,0,-0.1854630559682846,-0.9801759123802185,0.0697031319141388,0,-0.1533566266298294,0.09893584251403809,0.9832060933113098,0,-0.0897890031337738,-0.062185999006032944,-0.0193099994212389,1,0.9804890751838684,0.12273892760276794,0.1535467952489853,0,-0.08207706362009048,0.9653850197792053,-0.2475769966840744,0,-0.17861920595169067,0.2301439791917801,0.9566239714622498,0,0,0.3985320031642914,0,1,0.9709489941596985,0.04463425278663635,0.23508788645267487,0,-0.22605375945568085,0.4932880401611328,0.8399800658226013,0,-0.07847412675619125,-0.8687199950218201,0.4890470504760742,0,0,0.3349260091781616,0,1,0.9672260284423828,0,0.253915935754776,0,-0.16839537024497986,0.7484478950500488,0.6414589881896973,0,-0.19004303216934204,-0.663193941116333,0.7239180207252502,0,0,0.15814700722694397,0,1
