0.967,30,29,49
B0,mixamorig_Hips,-1,0.9988080263137817,-0.016641000285744667,-0.04588500037789345,0,0.01742899976670742,0.9997069835662842,0.016808999702334404,0,0.04559199884533882,-0.01758899912238121,0.9988049864768982,0,-0.0006060000159777701,0.889955997467041,0.018682999536395073,1
B1,mixamorig_Spine,0,0.9999610185623169,-0.004736999981105328,-0.00750399986281991,0,0.004143000114709139,0.997003972530365,-0.07723300158977509,0,0.007846999913454056,0.07719899713993073,0.9969850182533264,0,0,0.11168400198221207,-0.009050000458955765,1
B2,mixamorig_Spine1,1,0.9998890161514282,0.009696000255644321,-0.011278999969363213,0,-0.009619999676942825,0.9999300241470337,0.0068259998224675655,0,0.011345000006258488,-0.0067170001566410065,0.9999129772186279,0,0,0.13072499632835388,0,1
B3,mixamorig_Spine2,2,0.9998890161514282,0.009696000255644321,-0.011278999969363213,0,-0.009619999676942825,0.9999300241470337,0.0068259998224675655,0,0.011345000006258488,-0.0067170001566410065,0.9999129772186279,0,0,0.149399995803833,0,1
B4,mixamorig_Neck,3,0.9997460246086121,-0.021656999364495277,0.00622900016605854,0,0.02108299918472767,0.996504008769989,0.08083900064229965,0,-0.007957999594509602,-0.08068700134754181,0.9967079758644104,0,0,0.16807499527931213,0,1
B5,mixamorig_Head,4,0.9980499744415283,0.030729999765753746,0.054322000592947006,0,-0.033250000327825546,0.9983829855918884,0.04610700160264969,0,-0.05281699821352959,-0.04782300069928169,0.9974579811096191,0,0,0.0061039999127388,0.0017030000453814864,1
B6,mixamorig_HeadTop_End,5,1,0,0,0,0,1,0,0,0,0,1,0,0,0.37451401352882385,0.10445500165224075,1
B7,mixamorig_LeftShoulder,3,0.2148669958114624,0.015918999910354614,-0.9765139818191528,0,0.8155459761619568,-0.553026020526886,0.17043299973011017,0,-0.5373240113258362,-0.8330119848251343,-0.1318099945783615,0,0.07132100313901901,0.14723099768161774,-0.0013689999468624592,1
B8,mixamorig_LeftArm,7,0.9841219782829285,-0.13235899806022644,0.11825600266456604,0,0.040509000420570374,0.816169023513794,0.5763919949531555,0,-0.1728069931268692,-0.5624489784240723,0.808571994304657,0,0,0.14694300293922424,0,1
B9,mixamorig_LeftForeArm,8,0.820347011089325,0.5189070105552673,-0.2403479963541031,0,-0.45049700140953064,0.8452799916267395,0.2873220145702362,0,0.3522540032863617,-0.12742799520492554,0.9271889925003052,0,0,0.33110299706459045,0,1
B10,mixamorig_LeftHand,9,0.8129910230636597,0.39628300070762634,-0.4266209900379181,0,-0.4468710124492645,0.8943560123443604,-0.02082500047981739,0,0.3732979893684387,0.20757600665092468,0.9041910171508789,0,0,0.2636969983577728,0,1
B11,mixamorig_LeftHandThumb1,10,0.9993129968643188,0.03339000046253204,-0.01607700064778328,0,-0.020690999925136566,0.8626220226287842,0.5054259896278381,0,0.030743999406695366,-0.5047460198402405,0.8627200126647949,0,-0.03330399841070175,0.04249899834394455,0.013031999580562115,1
B12,mixamorig_LeftHandThumb2,11,0.9996650218963623,-0.018008999526500702,0.018581999465823174,0,0.01806800067424774,0.9998319745063782,-0.0030139998998492956,0,-0.01852400042116642,0.0033489998895674944,0.9998229742050171,0,-0.005801999941468239,0.04405499994754791,0,1
B13,mixamorig_LeftHandThumb3,12,0.9789639711380005,0.2021549940109253,0.02763500064611435,0,-0.20208899676799774,0.9793530106544495,-0.005171999800950289,0,-0.028109999373555183,-0.000522000016644597,0.9996050000190735,0,-0.0008570000063627958,0.048542000353336334,0,1
B14,mixamorig_LeftHandThumb4,13,1,0,0,0,0,1,0,0,0,0,1,0,0.006657999940216541,0.03583800047636032,0,1
B15,mixamorig_LeftHandIndex1,10,0.983913004398346,-0.17834199965000153,0.010418999940156937,0,0.127128005027771,0.739952027797699,0.6605370044708252,0,-0.12551100552082062,-0.6485859751701355,0.7507209777832031,0,-0.0277670007199049,0.11156299710273743,-0.0023719999007880688,1
B16,mixamorig_LeftHandIndex2,15,0.9925680160522461,0.07193800061941147,0.09815199673175812,0,-0.10714899748563766,0.13429200649261475,0.9851319789886475,0,0.057686999440193176,-0.9883270263671875,0.14100199937820435,0,0.00019700000120792538,0.04518600180745125,0,1
B17,mixamorig_LeftHandIndex3,16,0.9999880194664001,0.004807999823242426,-0.0001849999971454963,0,-0.004807999823242426,0.9999880194664001,0,0,0.0001849999971454963,9.999999974752427e-7,1,0,-0.00021300000662449747,0.04158100113272667,0,1
B18,mixamorig_LeftHandIndex4,17,1,0,0,0,0,1,0,0,0,0,1,0,0.00001700000029813964,0.02915799990296364,0,1
B19,mixamorig_LeftHandMiddle1,10,0.9856250286102295,-0.12711699306964874,0.11128699779510498,0,-0.0345040000975132,0.49337199330329895,0.8691340088844299,0,-0.16538800299167633,-0.860480010509491,0.48189300298690796,0,0.0277670007199049,0.10746400058269501,-0.003360999980941415,1
B20,mixamorig_LeftHandMiddle2,19,0.9794970154762268,0.11153999716043472,0.1677660048007965,0,-0.14033199846744537,-0.2197359949350357,0.965412974357605,0,0.1445460021495819,-0.9691619873046875,-0.19957800209522247,0,0.0000940000027185306,0.048544999212026596,0,1
B21,mixamorig_LeftHandMiddle3,20,0.9997789859771729,-0.021028999239206314,0.0008249999955296516,0,0.021028999239206314,0.9997789859771729,0.000011000000085914508,0,-0.0008249999955296516,0.000006000000212225132,1,0,0.00029299999005161226,0.04197299852967262,0,1
B22,mixamorig_LeftHandMiddle4,21,1,0,0,0,0,1,0,0,0,0,1,0,-0.0003859999997075647,0.028812000527977943,0,1
B23,mixamorig_RightShoulder,3,0.0784429982304573,-0.03636699914932251,0.9962549805641174,0,-0.8281760215759277,-0.5586739778518677,0.044815000146627426,0,0.5549520254135132,-0.8285899758338928,-0.07394199818372726,0,-0.07132100313901901,0.14728300273418427,-0.002004999900236726,1
B24,mixamorig_RightArm,23,0.9279839992523193,0.36651599407196045,-0.06716900318861008,0,-0.2483299970626831,0.7427120208740234,0.6218609809875488,0,0.2778089940547943,-0.5603970289230347,0.7802420258522034,0,0,0.14694300293922424,0,1
B25,mixamorig_RightForeArm,24,0.9009960293769836,-0.4003959894180298,0.16700200736522675,0,0.3410100042819977,0.8916109800338745,0.29789599776268005,0,-0.26817700266838074,-0.21145400404930115,0.9398769736289978,0,0,0.33115899562835693,0,1
B26,mixamorig_RightHand,25,0.8646500110626221,-0.2839280068874359,0.41444599628448486,0,0.2851879894733429,0.956570029258728,0.06034399941563606,0,-0.4135800004005432,0.0660180002450943,0.908070981502533,0,0,0.26368600130081177,0,1
B27,mixamorig_RightHandThumb1,26,0.9996150135993958,0.02197900041937828,0.016961999237537384,0,-0.026195000857114792,0.9490519762039185,0.3140279948711395,0,-0.009196000173687935,-0.31435099244117737,0.9492620229721069,0,0.03561900183558464,0.04505300149321556,0.014945999719202518,1
B28,mixamorig_RightHandThumb2,27,0.9261959791183472,0.003642000025138259,0.37702399492263794,0,-0.0711280032992363,0.9836869835853577,0.16522899270057678,0,-0.3702720105648041,-0.17985199391841888,0.9113460183143616,0,0.009889000095427036,0.046434998512268066,0,1
B29,mixamorig_RightHandThumb3,28,0.9512670040130615,-0.3040190041065216,-0.05161000043153763,0,0.30352601408958435,0.9526659846305847,-0.017330000177025795,0,0.05443599820137024,0.0008200000156648457,0.9985169768333435,0,-0.000666000007186085,0.046466998755931854,0,1
B30,mixamorig_RightHandThumb4,29,1,0,0,0,0,1,0,0,0,0,1,0,-0.009223000146448612,0.02739799953997135,0,1
B31,mixamorig_RightHandIndex1,26,0.9644709825515747,0.2634190022945404,-0.0201370008289814,0,-0.20070399343967438,0.7801430225372314,0.5925329923629761,0,0.17179399728775024,-0.5674390196800232,0.8052949905395508,0,0.024302000179886818,0.10767599940299988,-0.0027620000764727592,1
B32,mixamorig_RightHandIndex2,31,0.9983810186386108,0.02057100087404251,-0.053040001541376114,0,0.04085399955511093,0.38955798745155334,0.9200950264930725,0,0.03958899900317192,-0.9207720160484314,0.3880870044231415,0,-0.00023400000645779073,0.04715700075030327,0,1
B33,mixamorig_RightHandIndex3,32,0.9999989867210388,0.0010659999679774046,-0.00006500000017695129,0,-0.0010659999679774046,0.9999989867210388,9.999999974752427e-7,0,0.00006500000017695129,-9.999999974752427e-7,1,0,0.00010699999984353781,0.042552001774311066,0,1
B34,mixamorig_RightHandIndex4,33,1,0,0,0,0,1,0,0,0,0,1,0,0.00012700000661425292,0.02932400070130825,0,1
B35,mixamorig_RightHandMiddle1,26,0.9646419882774353,0.2585670053958893,-0.051082998514175415,0,-0.1444920003414154,0.680903971195221,0.717976987361908,0,0.220428004860878,-0.6852099895477295,0.6941900253295898,0,-0.024302000179886818,0.10817400366067886,-0.006271000020205975,1
B36,mixamorig_RightHandMiddle2,35,0.9965999722480774,0.004699000157415867,-0.08225599676370621,0,0.07743799686431885,0.2874929904937744,0.9546470046043396,0,0.028133999556303024,-0.9577710032463074,0.2861509919166565,0,0.000052999999752501026,0.04823099821805954,0,1
B37,mixamorig_RightHandMiddle3,36,0.9999719858169556,0.007466000039130449,-0.00033999999868683517,0,-0.007466000039130449,0.9999719858169556,0.0000019999999949504854,0,0.00034100000630132854,9.999999974752427e-7,1,0,-0.00011899999663000926,0.04431900009512901,0,1
B38,mixamorig_RightHandMiddle4,37,1,0,0,0,0,1,0,0,0,0,1,0,0.00006500000017695129,0.019222000613808632,0,1
B39,mixamorig_LeftUpLeg,0,-0.9847379922866821,-0.08138100057840347,0.15384499728679657,0,0.13326500356197357,-0.9211210012435913,0.36575400829315186,0,0.11194399744272232,0.38067400455474854,0.9179090261459351,0,0.0897890031337738,-0.062185999006032944,-0.016467999666929245,1
B40,mixamorig_LeftLeg,39,0.998117983341217,-0.059466999024152756,0.014980999752879143,0,0.0388839989900589,0.42478200793266296,-0.9044600129127502,0,0.04742199927568436,0.9033399820327759,0.4262950122356415,0,0,0.3986560106277466,0,1
B41,mixamorig_LeftFoot,40,0.9880679845809937,0.029467999935150146,-0.15117299556732178,0,0.10689699649810791,0.5754160284996033,0.8108450174331665,0,0.1108819991350174,-0.817330002784729,0.5654000043869019,0,0,0.3349359929561615,0,1
B42,mixamorig_LeftToeBase,41,0.9566439986228943,0.007472999859601259,-0.29116499423980713,0,0.19879500567913055,0.7138620018959045,0.6714770197868347,0,0.21287000179290771,-0.7002469897270203,0.6814249753952026,0,0,0.15895000100135803,0,1
B43,mixamorig_LeftToe_End,42,1,0,0,0,0,1,0,0,0,0,1,0,0,0.06252100318670273,0,1
B44,mixamorig_RightUpLeg,0,-0.9891059994697571,-0.033330000936985016,-0.14338000118732452,0,0.012702000327408314,-0.9897210001945496,0.14244399964809418,0,-0.14665399491786957,0.1390710026025772,0.9793630242347717,0,-0.0897890031337738,-0.062185999006032944,-0.0193099994212389,1
B45,mixamorig_RightLeg,44,0.9865790009498596,0.11066199839115143,0.12006600201129913,0,-0.06980600208044052,0.9505789875984192,-0.30253198742866516,0,-0.14761100709438324,0.29009100794792175,0.9455469846725464,0,0,0.3985320031642914,0,1
B46,mixamorig_RightFoot,45,0.9774969816207886,-0.14223499596118927,0.1557849943637848,0,-0.058437999337911606,0.5270119905471802,0.8478469848632812,0,-0.20269399881362915,-0.8378710150718689,0.5068399906158447,0,0,0.3349260091781616,0,1
B47,mixamorig_RightToeBase,46,0.9682629704475403,-0.031877998262643814,0.24789400398731232,0,-0.1575230062007904,0.6922150254249573,0.7042909860610962,0,-0.1940470039844513,-0.7209870219230652,0.665224015712738,0,0,0.15814700722694397,0,1
B48,mixamorig_RightToe_End,47,1,0,0,0,0,1,0,0,0,0,1,0,0,0.062116000801324844,0,1
@40,0,1,2,3,4,5,7,8,9,10,11,12,13,15,16,17,19,20,21,23,24,25,26,27,28,29,31,32,33,35,36,37,39,40,41,42,44,45,46,47
K0,0.9988080263137817,-0.0166414063423872,-0.04588509351015091,0,0.017428595572710037,0.999707043170929,0.016809165477752686,0,0.04559190198779106,-0.017588835209608078,0.9988049864768982,0,-0.0006060000159777701,0.889955997467041,0.018682999536395073,1,0.9999609589576721,-0.004736786708235741,-0.007503821048885584,0,0.004143213853240013,0.997003972530365,-0.07723303884267807,0,0.007847178727388382,0.07719895988702774,0.9969850778579712,0,0,0.11168400198221207,-0.009050000458955765,1,0.9998890161514282,0.009696302004158497,-0.011279297061264515,0,-0.00961969792842865,0.9999300241470337,0.0068261283449828625,0,0.01134470384567976,-0.0067168716341257095,0.9999129772186279,0,0,0.13072499632835388,0,1,0.9998890161514282,0.009696302004158497,-0.011279297061264515,0,-0.00961969792842865,0.9999300241470337,0.0068261283449828625,0,0.01134470384567976,-0.0067168716341257095,0.9999129772186279,0,0,0.149399995803833,0,1,0.9997460246086121,-0.021656949073076248,0.006229023914784193,0,0.0210830457508564,0.996504008769989,0.08083890378475189,0,-0.007957975380122662,-0.08068709075450897,0.9967079758644104,0,0,0.16807499527931213,0,1,0.9980499744415283,0.030730120837688446,0.05432185158133507,0,-0.0332498773932457,0.9983829855918884,0.04610685631632805,0,-0.052817147225141525,-0.04782314598560333,0.9974579215049744,0,0,0.0061039999127388,0.0017030000453814864,1,0.21486727893352509,0.015919236466288567,-0.9765139222145081,0,0.815545916557312,-0.5530260801315308,0.17043322324752808,0,-0.537324070930481,-0.8330118656158447,-0.1318100094795227,0,0.07132100313901901,0.14723099768161774,-0.0013689999468624592,1,0.9841219782829285,-0.13235901296138763,0.11825568974018097,0,0.04050895944237709,0.8161692023277283,0.5763916373252869,0,-0.17280729115009308,-0.5624492764472961,0.8085716962814331,0,0,0.14694300293922424,0,1,0.8203473091125488,0.5189067721366882,-0.24034768342971802,0,-0.45049726963043213,0.8452798128128052,0.28732210397720337,0,0.35225433111190796,-0.12742790579795837,0.9271888732910156,0,0,0.33110299706459045,0,1,0.8129911422729492,0.39628279209136963,-0.42662081122398376,0,-0.446871280670166,0.894355833530426,-0.02082546055316925,0,0.37329813838005066,0.20757554471492767,0.9041910171508789,0,0,0.2636969983577728,0,1,0.9993130564689636,0.03338970988988876,-0.016076786443591118,0,-0.020691286772489548,0.8626219630241394,0.5054259896278381,0,0.03074420988559723,-0.5047460198402405,0.8627200126647949,0,-0.03330399841070175,0.04249899834394455,0.013031999580562115,1,0.9996650218963623,-0.01800898276269436,0.01858169585466385,0,0.018068017438054085,0.9998319745063782,-0.003014136804267764,0,-0.018524300307035446,0.003348862985149026,0.9998229146003723,0,-0.005801999941468239,0.04405499994754791,0,1,0.9789639711380005,0.20215483009815216,0.027635032311081886,0,-0.20208917558193207,0.9793529510498047,-0.005171767435967922,0,-0.0281099621206522,-0.0005217675934545696,0.9996050596237183,0,-0.0008570000063627958,0.048542000353336334,0,1,0.9839129447937012,-0.17834223806858063,0.010418902151286602,0,0.1271277666091919,0.7399522662162781,0.6605368256568909,0,-0.12551109492778778,-0.6485862135887146,0.7507207989692688,0,-0.0277670007199049,0.11156299710273743,-0.0023719999007880688,1,0.9925681352615356,0.07193748652935028,0.09815188497304916,0,-0.10714950412511826,0.13429196178913116,0.9851319193840027,0,0.057686880230903625,-0.9883270263671875,0.14100192487239838,0,0.00019700000120792538,0.04518600180745125,0,1,0.9999880194664001,0.004807999823242426,-0.00018500114674679935,0,-0.004807999823242426,0.9999880194664001,0,0,0.0001849988184403628,0,1,0,-0.00021300000662449747,0.04158100113272667,0,1,0.9856250286102295,-0.1271168291568756,0.11128741502761841,0,-0.03450383245944977,0.493371844291687,0.8691341280937195,0,-0.1653875708580017,-0.8604798316955566,0.481893390417099,0,0.0277670007199049,0.10746400058269501,-0.003360999980941415,1,0.9794968962669373,0.11154009401798248,0.16776655614376068,0,-0.14033189415931702,-0.2197359949350357,0.9654130339622498,0,0.14454656839370728,-0.9691619873046875,-0.19957806169986725,0,0.0000940000027185306,0.048544999212026596,0,1,0.9997789859771729,-0.021029002964496613,0.0008249737438745797,0,0.021028993651270866,0.9997789859771729,0.00001117541796702426,0,-0.0008250262471847236,0.000006175418548082234,1,0,0.00029299999005161226,0.04197299852967262,0,1,0.0784427747130394,-0.03636694326996803,0.9962550401687622,0,-0.828175961971283,-0.5586739778518677,0.044815000146627426,0,0.5549520254135132,-0.828589916229248,-0.07394219189882278,0,-0.07132100313901901,0.14728300273418427,-0.002004999900236726,1,0.9279839992523193,0.3665160536766052,-0.06716883927583694,0,-0.24832993745803833,0.7427120804786682,0.6218609809875488,0,0.27780914306640625,-0.5603970885276794,0.7802419662475586,0,0,0.14694300293922424,0,1,0.9009960293769836,-0.4003961980342865,0.1670018583536148,0,0.34100979566574097,0.8916110396385193,0.2978960871696472,0,-0.2681771516799927,-0.21145391464233398,0.9398769736289978,0,0,0.33115899562835693,0,1,0.8646500110626221,-0.2839280962944031,0.41444599628448486,0,0.28518787026405334,0.956570029258728,0.06034427881240845,0,-0.4135799705982208,0.06601827591657639,0.9080709218978882,0,0,0.26368600130081177,0,1,0.9996150135993958,0.02197856456041336,0.01696203090250492,0,-0.026195434853434563,0.9490519762039185,0.3140278458595276,0,-0.009195965714752674,-0.3143511116504669,0.9492619633674622,0,0.03561900183558464,0.04505300149321556,0.014945999719202518,1,0.9261959195137024,0.0036422344855964184,0.3770240843296051,0,-0.07112777233123779,0.9836869239807129,0.16522932052612305,0,-0.3702719509601593,-0.17985165119171143,0.9113460779190063,0,0.009889000095427036,0.046434998512268066,0,1,0.9512669444084167,-0.3040190637111664,-0.051610175520181656,0,0.30352598428726196,0.9526661038398743,-0.017329782247543335,0,0.05443582311272621,0.0008202191675081849,0.9985169172286987,0,-0.000666000007186085,0.046466998755931854,0,1,0.9644709229469299,0.2634192109107971,-0.020136838778853416,0,-0.20070378482341766,0.7801432013511658,0.592532753944397,0,0.17179416120052338,-0.5674391984939575,0.8052948713302612,0,0.024302000179886818,0.10767599940299988,-0.0027620000764727592,1,0.9983809590339661,0.020571047440171242,-0.05303965508937836,0,0.04085404798388481,0.38955798745155334,0.9200949668884277,0,0.03958933427929878,-0.9207720756530762,0.38808679580688477,0,-0.00023400000645779073,0.04715700075030327,0,1,0.9999989867210388,0.0010659999679774046,-0.00006499945448013023,0,-0.0010659999679774046,0.9999989867210388,0.0000010346448107156903,0,0.00006500054587377235,0,1,0,0.00010699999984353781,0.042552001774311066,0,1,0.9646419286727905,0.25856709480285645,-0.05108300596475601,0,-0.14449192583560944,0.6809040904045105,0.7179769277572632,0,0.2204279750585556,-0.6852099895477295,0.6941899657249451,0,-0.024302000179886818,0.10817400366067886,-0.006271000020205975,1,0.9965999722480774,0.004698953591287136,-0.08225612342357635,0,0.07743795216083527,0.2874927222728729,0.9546470642089844,0,0.028133878484368324,-0.9577708840370178,0.28615131974220276,0,0.000052999999752501026,0.04823099821805954,0,1,0.9999719858169556,0.007466000504791737,-0.00034049811074510217,0,-0.007466000039130449,0.9999719858169556,0.000001771104393810674,0,0.00034050189424306154,0,0.9999999403953552,0,-0.00011899999663000926,0.04431900009512901,0,1,-0.9847379922866821,-0.08138103038072586,0.1538447141647339,0,0.13326495885849,-0.9211210012435913,0.36575382947921753,0,0.111944280564785,0.38067418336868286,0.9179089665412903,0,0.0897890031337738,-0.062185999006032944,-0.016467999666929245,1,0.9981179237365723,-0.059467338025569916,0.014981106854975224,0,0.03888365626335144,0.4247822165489197,-0.9044598937034607,0,0.047422103583812714,0.9033399224281311,0.4262949824333191,0,0,0.3986560106277466,0,1,0.9880679249763489,0.029468178749084473,-0.15117330849170685,0,0.10689717531204224,0.5754159688949585,0.8108450770378113,0,0.11088166385889053,-0.817330002784729,0.5654000043869019,0,0,0.3349359929561615,0,1,0.9566439390182495,0.007473116274923086,-0.2911653220653534,0,0.1987951099872589,0.7138616442680359,0.6714773774147034,0,0.21286968886852264,-0.7002466320991516,0.6814254522323608,0,0,0.15895000100135803,0,1,-0.9891059994697571,-0.03332991898059845,-0.14338001608848572,0,0.012702081352472305,-0.9897210001945496,0.1424439698457718,0,-0.14665396511554718,0.1390710473060608,0.979362964630127,0,-0.0897890031337738,-0.062185999006032944,-0.0193099994212389,1,0.9865790009498596,0.11066198348999023,0.12006592005491257,0,-0.06980600953102112,0.9505789279937744,-0.3025321662425995,0,-0.1476110965013504,0.2900908589363098,0.9455470442771912,0,0,0.3985320031642914,0,1,0.9774969220161438,-0.1422346830368042,0.1557852178812027,0,-0.058437708765268326,0.5270118117332458,0.847847044467926,0,-0.20269376039505005,-0.8378710150718689,0.506840169429779,0,0,0.3349260091781616,0,1,0.9682629108428955,-0.03187764808535576,0.2478940486907959,0,-0.15752266347408295,0.6922151446342468,0.7042909860610962,0,-0.19404694437980652,-0.7209869623184204,0.665224015712738,0,0,0.15814700722694397,0,1
K0.033,0.9995590448379517,-0.01767578162252903,-0.02385086379945278,0,0.01808933913707733,0.9996880292892456,0.01723605766892433,0,0.023538760840892792,-0.017659902572631836,0.999566912651062,0,-0.001906007993966341,0.8944820165634155,0.06790348887443542,1,0.9999060034751892,-0.007180194836109877,-0.011671853251755238,0,0.006261800415813923,0.9970189929008484,-0.0769011378288269,0,0.012189221568405628,0.07682081311941147,0.996969997882843,0,0,0.11168400198221207,-0.009050000458955765,1,0.9997190237045288,0.004597730003297329,-0.0232427716255188,0,-0.004424220882356167,0.9999619722366333,0.007511008530855179,0,0.02327643521130085,-0.00740607175976038,0.999701976776123,0,0,0.13072499632835388,0,1,0.9997190237045288,0.004597730003297329,-0.0232427716255188,0,-0.004424220882356167,0.9999619722366333,0.007511008530855179,0,0.02327643521130085,-0.00740607175976038,0.999701976776123,0,0,0.149399995803833,0,1,0.9999100565910339,-0.008914781734347343,0.010031946934759617,0,0.007970873266458511,0.9958660006523132,0.09048807621002197,0,-0.010797151364386082,-0.09039993584156036,0.9958469867706299,0,0,0.16807499527931213,0,1,0.9983130097389221,0.025027897208929062,0.052383389323949814,0,-0.02706686407327652,0.9988889694213867,0.038583092391490936,0,-0.051359519362449646,-0.039935849606990814,0.9978809952735901,0,0,0.0061039999127388,0.0017030000453814864,1,0.19468940794467926,0.02110825665295124,-0.9806381464004517,0,0.8279746174812317,-0.5395554900169373,0.1527666300535202,0,-0.5258838534355164,-0.8416851162910461,-0.1225227564573288,0,0.07132100313901901,0.14723099768161774,-0.0013689999468624592,1,0.9735618829727173,-0.21163852512836456,0.0859466940164566,0,0.11592099070549011,0.7819657325744629,0.6124471426010132,0,-0.19682471454143524,-0.5862919688224792,0.7858251333236694,0,0,0.14694300293922424,0,1,0.8365767002105713,0.4963802993297577,-0.2318311482667923,0,-0.4376637935638428,0.8600661754608154,0.2621758282184601,0,0.3295290172100067,-0.11786608397960663,0.9367589354515076,0,0,0.33110299706459045,0,1,0.7922170162200928,0.41072598099708557,-0.45132699608802795,0,-0.4548128843307495,0.8905050754547119,0.012060118839144707,0,0.4068625271320343,0.19571518898010254,0.8922771215438843,0,0,0.2636969983577728,0,1,0.9993129968643188,0.033389847725629807,-0.01607728749513626,0,-0.020691150799393654,0.8626219630241394,0.5054259896278381,0,0.03074471279978752,-0.5047459602355957,0.8627200126647949,0,-0.03330399841070175,0.04249899834394455,0.013031999580562115,1,0.9996650218963623,-0.01800898276269436,0.018582196906208992,0,0.018068019300699234,0.9998319745063782,-0.0030141319148242474,0,-0.01852480322122574,0.003348867641761899,0.9998230338096619,0,-0.005801999941468239,0.04405499994754791,0,1,0.9789639711380005,0.20215483009815216,0.027635032311081886,0,-0.20208917558193207,0.9793529510498047,-0.005171767435967922,0,-0.0281099621206522,-0.0005217675934545696,0.9996050596237183,0,-0.0008570000063627958,0.048542000353336334,0,1,0.9843889474868774,-0.1757643222808838,0.009190903976559639,0,0.12929868698120117,0.7576072812080383,0.6397767663002014,0,-0.11941302567720413,-0.6286007761955261,0.7685062289237976,0,-0.0277670007199049,0.11156299710273743,-0.0023719999007880688,1,0.9932979941368103,0.07058952748775482,0.09151807427406311,0,-0.10331940650939941,0.18740738928318024,0.9768339395523071,0,0.05180308595299721,-0.9797428250312805,0.19344466924667358,0,0.00019700000120792538,0.04518600180745125,0,1,0.9999880194664001,0.004807999823242426,-0.00018500114674679935,0,-0.004807999823242426,0.9999880194664001,0,0,0.0001849988184403628,0,1,0,-0.00021300000662449747,0.04158100113272667,0,1,0.9861740469932556,-0.12480062246322632,0.10902088135480881,0,-0.02931058034300804,0.5161521434783936,0.8559959530830383,0,-0.16310004889965057,-0.8473557233810425,0.5053574442863464,0,0.0277670007199049,0.10746400058269501,-0.003360999980941415,1,0.980443000793457,0.1132889986038208,0.1609238237142563,0,-0.14089101552963257,-0.1668637990951538,0.9758620262145996,0,0.1374068260192871,-0.9794501066207886,-0.14763908088207245,0,0.0000940000027185306,0.048544999212026596,0,1,0.9997789859771729,-0.021029002964496613,0.0008249737438745797,0,0.021028993651270866,0.9997789859771729,0.00001117541796702426,0,-0.0008250262471847236,0.000006175418548082234,1,0,0.00029299999005161226,0.04197299852967262,0,1,0.09286966919898987,-0.03396366164088249,0.9950991272926331,0,-0.833970308303833,-0.5486348271369934,0.059106629341840744,0,0.5439385175704956,-0.8353723883628845,-0.07927632331848145,0,-0.07132100313901901,0.14728300273418427,-0.002004999900236726,1,0.9120413064956665,0.3907802104949951,-0.12438136339187622,0,-0.23343542218208313,0.744064211845398,0.6260008215904236,0,0.33717623353004456,-0.5419031977653503,0.7698387503623962,0,0,0.14694300293922424,0,1,0.831690788269043,-0.5473463535308838,0.09328558295965195,0,0.4882699251174927,0.8009724020957947,0.3464600741863251,0,-0.26435303688049316,-0.24259929358959198,0.933414876461029,0,0,0.33115899562835693,0,1,0.8704072833061218,-0.1801430583000183,0.45819270610809326,0,0.17006950080394745,0.983380138874054,0.06355266273021698,0,-0.46202611923217773,0.022607896476984024,0.8865779638290405,0,0,0.26368600130081177,0,1,0.9998260736465454,0.010969518683850765,0.015100198797881603,0,-0.015323187224566936,0.9443579316139221,0.32856321334838867,0,-0.010655802674591541,-0.3287371098995209,0.9443608522415161,0,0.03561900183558464,0.04505300149321556,0.014945999719202518,1,0.9321840405464172,0.0008194997790269554,0.3619847595691681,0,-0.06371927261352539,0.9847540855407715,0.1618606448173523,0,-0.3563331961631775,-0.1739492416381836,0.9180238842964172,0,0.009889000095427036,0.046434998512268066,0,1,0.9512669444084167,-0.3040190637111664,-0.051610175520181656,0,0.30352598428726196,0.9526661038398743,-0.017329782247543335,0,0.05443582311272621,0.0008202191675081849,0.9985169172286987,0,-0.000666000007186085,0.046466998755931854,0,1,0.9643518924713135,0.2637981176376343,-0.02084939181804657,0,-0.19494286179542542,0.7614980340003967,0.6181579828262329,0,0.17894569039344788,-0.592057466506958,0.785777747631073,0,0.024302000179886818,0.10767599940299988,-0.0027620000764727592,1,0.9983440041542053,0.02021929807960987,-0.053850989788770676,0,0.04252832010388374,0.37090590596199036,0.9276959896087646,0,0.03873101621866226,-0.9284500479698181,0.36943182349205017,0,-0.00023400000645779073,0.04715700075030327,0,1,0.9999989867210388,0.0010659999679774046,-0.00006499945448013023,0,-0.0010659999679774046,0.9999989867210388,0.0000010346448107156903,0,0.00006500054587377235,0,1,0,0.00010699999984353781,0.042552001774311066,0,1,0.9649279713630676,0.25718188285827637,-0.05263874679803848,0,-0.13669906556606293,0.6634499430656433,0.7356281280517578,0,0.22411330044269562,-0.7026323080062866,0.6753376722335815,0,-0.024302000179886818,0.10817400366067886,-0.006271000020205975,1,0.9965279698371887,0.004482971969991922,-0.08313342928886414,0,0.07884698361158371,0.2697623372077942,0.9596928954124451,0,0.026728555560112,-0.9629161357879639,0.2684723734855652,0,0.000052999999752501026,0.04823099821805954,0,1,0.9999719858169556,0.007466000504791737,-0.00034099811455234885,0,-0.007466000039130449,0.9999719858169556,0.0000017729709043123876,0,0.00034100186894647777,0,0.9999999403953552,0,-0.00011899999663000926,0.04431900009512901,0,1,-0.9862479567527771,-0.06484410911798477,0.15201784670352936,0,0.1250317096710205,-0.8942657113075256,0.42971545457839966,0,0.10807988047599792,0.44281327724456787,0.8900758028030396,0,0.0897890031337738,-0.062185999006032944,-0.016467999666929245,1,0.9983299374580383,-0.03730690851807594,0.044108811765909195,0,0.05723901838064194,0.5354744791984558,-0.8426100611686707,0,0.007816029712557793,0.8437271118164062,0.5367153882980347,0,0,0.3986560106277466,0,1,0.9876149296760559,0.043919406831264496,-0.15062309801578522,0,0.1028851568698883,0.543499767780304,0.8330801129341125,0,0.11845198273658752,-0.8382591009140015,0.5322497487068176,0,0,0.3349359929561615,0,1,0.9654173254966736,0.01877504587173462,-0.2600320875644684,0,0.17331215739250183,0.6988880038261414,0.6939151287078857,0,0.19476160407066345,-0.7149843573570251,0.6714646220207214,0,0,0.15895000100135803,0,1,-0.9873439073562622,-0.028983984142541885,-0.15592211484909058,0,0.019326969981193542,-0.9978199601173401,0.06309836357831955,0,-0.1574110984802246,0.05928630754351616,0.9857520461082458,0,-0.0897890031337738,-0.062185999006032944,-0.0193099994212389,1,0.9842419624328613,0.11250708252191544,0.13641922175884247,0,-0.07273010909557343,0.9607729911804199,-0.267628937959671,0,-0.1611781120300293,0.2534899413585663,0.9538159966468811,0,0,0.3985320031642914,0,1,0.9758720397949219,-0.15198010206222534,0.1567637324333191,0,-0.054470960050821304,0.5258125066757202,0.8488552570343018,0,-0.21143735945224762,-0.8369128704071045,0.50484699010849,0,0,0.3349260091781616,0,1,0.9676269292831421,-0.03540080040693283,0.24988935887813568,0,-0.15736477077007294,0.6894590854644775,0.7070240378379822,0,-0.19731763005256653,-0.723459005355835,0.6615680456161499,0,0,0.15814700722694397,0,1
K0.067,0.9997050762176514,-0.023712148889899254,-0.005290401168167591,0,0.023790739476680756,0.9995999932289124,0.015321851707994938,0,0.004924969282001257,-0.01544319000095129,0.9998689889907837,0,-0.002710992004722357,0.893280029296875,0.11671851575374603,1,0.9998570084571838,-0.007080011069774628,-0.015380898490548134,0,0.005907993298023939,0.9971700310707092,-0.07495182752609253,0,0.01586802676320076,0.07485022395849228,0.9970690011978149,0,0,0.11168400198221207,-0.009050000458955765,1,0.99944007396698,0.00226738303899765,-0.03339003026485443,0,-0.0018856655806303024,0.9999330639839172,0.011459152214229107,0,0.03341376408934593,-0.011389768682420254,0.9993770718574524,0,0,0.13072499632835388,0,1,0.99944007396698,0.00226738303899765,-0.03339003026485443,0,-0.0018856655806303024,0.9999330639839172,0.011459152214229107,0,0.03341376408934593,-0.011389768682420254,0.9993770718574524,0,0,0.149399995803833,0,1,0.999843955039978,0.008021914400160313,0.01574612595140934,0,-0.009424745105206966,0.9957939982414246,0.09113991260528564,0,-0.014948776923120022,-0.09127406775951385,0.9957139492034912,0,0,0.16807499527931213,0,1,0.9987729787826538,0.013342336751520634,0.04768715798854828,0,-0.015084896236658096,0.9992250204086304,0.0363701656460762,0,-0.047164928168058395,-0.03704488277435303,0.9981999397277832,0,0,0.0061039999127388,0.0017030000453814864,1,0.1855289489030838,0.02286366932094097,-0.9823729991912842,0,0.8283610343933105,-0.5414118766784668,0.14384174346923828,0,-0.5285796523094177,-0.8404461741447449,-0.11938688158988953,0,0.07132100313901901,0.14723099768161774,-0.0013689999468624592,1,0.9600130915641785,-0.2782323956489563,0.03101753629744053,0,0.20115409791469574,0.7626002430915833,0.6147990822792053,0,-0.19471104443073273,-0.5839759707450867,0.7880740165710449,0,0,0.14694300293922424,0,1,0.8275300860404968,0.5066689848899841,-0.2418288290500641,0,-0.446746826171875,0.8551530241966248,0.2629261016845703,0,0.3400169312953949,-0.10954294353723526,0.93401700258255,0,0,0.33110299706459045,0,1,0.8042046427726746,0.4069773256778717,-0.4331563413143158,0,-0.45102378726005554,0.8925111293792725,0.0011921527329832315,0,0.387082040309906,0.19440506398677826,0.9013180136680603,0,0,0.2636969983577728,0,1,0.9993129968643188,0.033389847725629807,-0.01607728749513626,0,-0.020691150799393654,0.8626219630241394,0.5054259896278381,0,0.03074471279978752,-0.5047459602355957,0.8627200126647949,0,-0.03330399841070175,0.04249899834394455,0.013031999580562115,1,0.9996650218963623,-0.01800898276269436,0.018582196906208992,0,0.018068019300699234,0.9998319745063782,-0.0030141319148242474,0,-0.01852480322122574,0.003348867641761899,0.9998230338096619,0,-0.005801999941468239,0.04405499994754791,0,1,0.9789638519287109,0.20215530693531036,0.027635034173727036,0,-0.20208968222141266,0.9793530702590942,-0.005171774420887232,0,-0.028109965845942497,-0.0005217749276198447,0.9996050596237183,0,-0.0008570000063627958,0.048542000353336334,0,1,0.9848179817199707,-0.17342279851436615,0.007569863460958004,0,0.13214419782161713,0.7772597670555115,0.6151471734046936,0,-0.11256421357393265,-0.6048072576522827,0.788375735282898,0,-0.0277670007199049,0.11156299710273743,-0.0023719999007880688,1,0.9940679669380188,0.06869712471961975,0.08432407677173615,0,-0.09875093400478363,0.2451135516166687,0.9644521474838257,0,0.04558607563376427,-0.9670572280883789,0.2504432201385498,0,0.00019700000120792538,0.04518600180745125,0,1,0.9999880194664001,0.004807999823242426,-0.00018500114674679935,0,-0.004807999823242426,0.9999880194664001,0,0,0.0001849988184403628,0,1,0,-0.00021300000662449747,0.04158100113272667,0,1,0.9867420196533203,-0.12271129339933395,0.10621954500675201,0,-0.023010341450572014,0.5420856475830078,0.8400082588195801,0,-0.16065849363803864,-0.8313150405883789,0.5320746898651123,0,0.0277670007199049,0.10746400058269501,-0.003360999980941415,1,0.9814769625663757,0.11486410349607468,0.1533270627260208,0,-0.14106392860412598,-0.10824061185121536,0.9840660095214844,0,0.12963005900382996,-0.9874669313430786,-0.09003247320652008,0,0.0000940000027185306,0.048544999212026596,0,1,0.9997789859771729,-0.021029002964496613,0.0008249737438745797,0,0.021028993651270866,0.9997789859771729,0.00001117541796702426,0,-0.0008250262471847236,0.000006175418548082234,1,0,0.00029299999005161226,0.04197299852967262,0,1,0.10171833634376526,-0.033178940415382385,0.9942600131034851,0,-0.8441767692565918,-0.5316543579101562,0.0686224028468132,0,0.5263257622718811,-0.846311092376709,-0.08208785206079483,0,-0.07132100313901901,0.14728300273418427,-0.002004999900236726,1,0.9266620874404907,0.3313772678375244,-0.17744648456573486,0,-0.1542520970106125,0.7657117247581482,0.624413013458252,0,0.3427889049053192,-0.5512480139732361,0.760671079158783,0,0,0.14694300293922424,0,1,0.7905704975128174,-0.6098242998123169,0.05578947812318802,0,0.5516435503959656,0.7487643361091614,0.367480993270874,0,-0.26587188243865967,-0.2597436010837555,0.9283561706542969,0,0,0.33115899562835693,0,1,0.8860180377960205,-0.10471666604280472,0.4516717791557312,0,0.10045481473207474,0.9943779110908508,0.0334826223552227,0,-0.45263850688934326,0.015706390142440796,0.8915557861328125,0,0,0.26368600130081177,0,1,0.9999120235443115,-0.003794018877670169,0.012678021565079689,0,-0.0008063095156103373,0.9387750625610352,0.34453076124191284,0,-0.01320897601544857,-0.34451088309288025,0.9386900067329407,0,0.03561900183558464,0.04505300149321556,0.014945999719202518,1,0.9338129758834839,-0.00885060429573059,0.3576519787311554,0,-0.05074682831764221,0.9863089919090271,0.15690526366233826,0,-0.35414406657218933,-0.16466987133026123,0.9205790162086487,0,0.009889000095427036,0.046434998512268066,0,1,0.9512671232223511,-0.3040185868740082,-0.051610179245471954,0,0.3035254180431366,0.9526658654212952,-0.017329765483736992,0,0.05443581938743591,0.0008202349417842925,0.9985169172286987,0,-0.000666000007186085,0.046466998755931854,0,1,0.9644110202789307,0.2635369598865509,-0.021434249356389046,0,-0.1900700479745865,0.7473421692848206,0.6366738080978394,0,0.1838057041168213,-0.6099408864974976,0.7708351612091064,0,0.024302000179886818,0.10767599940299988,-0.0027620000764727592,1,0.9982980489730835,0.019768904894590378,-0.054871805012226105,0,0.04440588131546974,0.35232648253440857,0.9348228573799133,0,0.03781319782137871,-0.9356680512428284,0.35084882378578186,0,-0.00023400000645779073,0.04715700075030327,0,1,0.9999989867210388,0.0010649999603629112,-0.00006499945448013023,0,-0.0010649999603629112,0.9999989867210388,0.0000010346122962801019,0,0.00006500054587377235,0,1,0,0.00010699999984353781,0.042552001774311066,0,1,0.9650449156761169,0.25657716393470764,-0.05343984067440033,0,-0.13066090643405914,0.6477692127227783,0.7505478262901306,0,0.22719012200832367,-0.7173299193382263,0.6586509943008423,0,-0.024302000179886818,0.10817400366067886,-0.006271000020205975,1,0.9964500069618225,0.004246105905622244,-0.08408382534980774,0,0.08032909035682678,0.25106188654899597,0.964631974697113,0,0.025206169113516808,-0.9679617881774902,0.24982950091362,0,0.000052999999752501026,0.04823099821805954,0,1,0.9999719858169556,0.007466000504791737,-0.00034099811455234885,0,-0.007466000039130449,0.9999719858169556,0.0000017729709043123876,0,0.00034100186894647777,0,0.9999999403953552,0,-0.00011899999663000926,0.04431900009512901,0,1,-0.9885819554328918,-0.05865802243351936,0.13879933953285217,0,0.11792412400245667,-0.8746002316474915,0.4702856242656708,0,0.09380791336297989,0.48128366470336914,0.8715311288833618,0,0.0897890031337738,-0.062185999006032944,-0.016467999666929245,1,0.9967970252037048,-0.017299912869930267,0.07807544618844986,0,0.06937316805124283,0.6727258563041687,-0.7366319894790649,0,-0.03977971524000168,0.739689290523529,0.6717715859413147,0,0,0.3986560106277466,0,1,0.9867220520973206,0.0617271326482296,-0.15022866427898407,0,0.09650037437677383,0.5211800336837769,0.8479738831520081,0,0.1306392103433609,-0.8512118458747864,0.5083032846450806,0,0,0.3349359929561615,0,1,0.9835888743400574,0.03830547258257866,-0.1763107180595398,0,0.10366236418485641,0.6798321604728699,0.7260048389434814,0,0.14767158031463623,-0.732366681098938,0.6647041440010071,0,0,0.15895000100135803,0,1,-0.9854360222816467,-0.02148902416229248,-0.1686849296092987,0,0.022367021068930626,-0.9997440576553345,-0.0033064254093915224,0,-0.16857081651687622,-0.0070312549360096455,0.9856650829315186,0,-0.0897890031337738,-0.062185999006032944,-0.0193099994212389,1,0.9806990623474121,0.12395559996366501,0.15120667219161987,0,-0.08028121292591095,0.960442066192627,-0.26665791869163513,0,-0.17827899754047394,0.24937212467193604,0.9518559575080872,0,0,0.3985320031642914,0,1,0.9740161299705505,-0.16402600705623627,0.15616768598556519,0,-0.052705131471157074,0.5064511299133301,0.8606569766998291,0,-0.22026123106479645,-0.8465238809585571,0.48464611172676086,0,0,0.3349260091781616,0,1,0.9679290652275085,-0.03727409243583679,0.2484416365623474,0,-0.155484139919281,0.6878849864006042,0.7089710235595703,0,-0.19732539355754852,-0.7248619198799133,0.6600279211997986,0,0,0.15814700722694397,0,1
