3.900,30,116,49
B0,mixamorig_Hips,-1,0.99788898229599,-0.051405999809503555,0.039680998772382736,0,0.05285000056028366,0.9979450106620789,-0.03623899817466736,0,-0.03773700073361397,0.03826000168919563,0.9985550045967102,0,-0.009422999806702137,0.9470049738883972,-0.0036520001012831926,1
B1,mixamorig_Spine,0,0.9978150129318237,-0.05230500176548958,-0.040369000285863876,0,0.05280999839305878,0.9985380172729492,0.011533999815583229,0,0.039707001298666,-0.01363999955356121,0.9991179704666138,0,0,0.09582900255918503,-0.004800000227987766,1
B2,mixamorig_Spine1,1,0.9997199773788452,0.02351599931716919,-0.0025569999124854803,0,-0.023336999118328094,0.9981740117073059,0.05572199821472168,0,0.003863000078126788,-0.055647000670433044,0.9984430074691772,0,0,0.11193999648094177,0,1
B3,mixamorig_Spine2,2,0.9997140169143677,0.02371699921786785,-0.0030070000793784857,0,-0.023513000458478928,0.9981750249862671,0.05561999976634979,0,0.004321000073105097,-0.0555340014398098,0.9984470009803772,0,0,0.12793199717998505,0,1
B4,mixamorig_Neck,3,0.9997829794883728,-0.020773999392986298,-0.0014720000326633453,0,0.020684000104665756,0.9987189769744873,-0.04616900160908699,0,0.0024300001095980406,0.04612800106406212,0.9989330172538757,0,0,0.14392299950122833,0,1
B5,mixamorig_Head,4,0.9855769872665405,0.13701100647449493,0.09933099895715714,0,-0.13305599987506866,0.9900659918785095,-0.045437999069690704,0,-0.10457000136375427,0.03156600147485733,0.9940159916877747,0,0,0.07478299736976624,0.010432000271975994,1
B6,mixamorig_HeadTop_End,5,1,0,0,0,0,1,0,0,0,0,1,0,0,0.2778579890727997,0.03876199945807457,1
B7,mixamorig_LeftShoulder,3,-0.015709999948740005,0.015564999543130398,-0.9997550249099731,0,0.8966959714889526,-0.4421510100364685,-0.02097400091588497,0,-0.4423690140247345,-0.896806001663208,-0.007011000066995621,0,0.0625229999423027,0.12108799815177917,-0.001057000015862286,1
B8,mixamorig_LeftArm,7,0.9426320195198059,0.29460299015045166,-0.1570180058479309,0,-0.05226200073957443,0.5947750210762024,0.8021910190582275,0,0.3297179937362671,-0.7479649782180786,0.5760509967803955,0,0,0.1349409967660904,0,1
B9,mixamorig_LeftForeArm,8,0.9431970119476318,0.3317919969558716,0.017121000215411186,0,-0.3320769965648651,0.9430810213088989,0.017960000783205032,0,-0.010188000276684761,-0.022624999284744263,0.9996920228004456,0,0,0.34083500504493713,0,1
B10,mixamorig_LeftHand,9,0.9630699753761292,0.1311340034008026,0.23515799641609192,0,-0.15372399985790253,0.9848399758338928,0.08037299662828445,0,-0.22105300426483154,-0.11355400085449219,0.9686279892921448,0,0,0.2756190001964569,0,1
B11,mixamorig_LeftHandThumb1,10,0.9804409742355347,-0.08887399733066559,-0.17560499906539917,0,0.1366180032491684,0.9495840072631836,0.2821820080280304,0,0.1416729986667633,-0.30065301060676575,0.9431520104408264,0,-0.03249699994921684,0.04073600098490715,0.014705999754369259,1
B12,mixamorig_LeftHandThumb2,11,0.9721959829330444,-0.2251960039138794,0.06420300155878067,0,0.2223449945449829,0.9737539887428284,0.04864399880170822,0,-0.07347200065851212,-0.03301599994301796,0.9967510104179382,0,-0.005158999934792519,0.043007999658584595,0,1
B13,mixamorig_LeftHandThumb3,12,0.9958760142326355,-0.04697300121188164,0.07761699706315994,0,0.049956001341342926,0.9980679750442505,-0.03694000095129013,0,-0.07573200017213821,0.040665000677108765,0.9962990283966064,0,-0.000547999981790781,0.045205000787973404,0,1
B14,mixamorig_LeftHandThumb4,13,1,0,0,0,0,1,0,0,0,0,1,0,0.0057069999165833,0.035927001386880875,0,1
B15,mixamorig_LeftHandIndex1,10,0.95004802942276,-0.31084999442100525,-0.027932999655604362,0,0.28847000002861023,0.8404210209846497,0.4587779939174652,0,-0.11913599818944931,-0.44391900300979614,0.8881120085716248,0,-0.027077000588178635,0.10098300129175186,-0.002584999892860651,1
B16,mixamorig_LeftHandIndex2,15,0.997668981552124,-0.06578800082206726,-0.01812800019979477,0,0.06550399959087372,0.848796010017395,0.5246469974517822,0,-0.01912900060415268,-0.5246120095252991,0.851127028465271,0,0.00017499999376013875,0.0438929982483387,0,1
B17,mixamorig_LeftHandIndex3,16,0.9987450242042542,-0.04862799867987633,-0.011989999562501907,0,0.04910999909043312,0.9038900136947632,0.42493700981140137,0,-0.009825999848544598,-0.42499199509620667,0.9051439762115479,0,-0.00008499999967170879,0.04496400058269501,0,1
B18,mixamorig_LeftHandIndex4,17,1,0,0,0,0,1,0,0,0,0,1,0,-0.00009000000136438757,0.03275499865412712,0,1
B19,mixamorig_LeftHandMiddle1,10,0.9459239840507507,-0.3210639953613281,-0.04632800072431564,0,0.2886129915714264,0.7677739858627319,0.5720360279083252,0,-0.14809100329875946,-0.5544729828834534,0.8189190030097961,0,0.027077000588178635,0.10038899630308151,-0.0036410000175237656,1
B20,mixamorig_LeftHandMiddle2,19,0.9979249835014343,-0.061138998717069626,-0.020201999694108963,0,0.061138998717069626,0.8012610077857971,0.5951830148696899,0,-0.020201999694108963,-0.5951830148696899,0.8033360242843628,0,0.000009000000318337698,0.047405000776052475,0,1
B21,mixamorig_LeftHandMiddle3,20,0.9981399774551392,-0.05821400135755539,-0.018107999116182327,0,0.05821400135755539,0.8218579888343811,0.5667099952697754,0,-0.018107999116182327,-0.5667099952697754,0.8237190246582031,0,0.000007999999979801942,0.04241200163960457,0,1
B22,mixamorig_LeftHandMiddle4,21,1,0,0,0,0,1,0,0,0,0,1,0,-0.00001700000029813964,0.028410999104380608,0,1
B23,mixamorig_RightShoulder,3,0.018308000639081,-0.01007699966430664,0.9997820258140564,0,-0.9074770212173462,-0.4199199974536896,0.012385999783873558,0,0.41970300674438477,-0.9075049757957458,-0.016832999885082245,0,-0.0625229999423027,0.12109600007534027,-0.0012309999438002706,1
B24,mixamorig_RightArm,23,0.9805660247802734,-0.18365299701690674,0.0689999982714653,0,0.05560800060629845,0.5974599719047546,0.7999680042266846,0,-0.18814200162887573,-0.780584990978241,0.5960620045661926,0,0,0.1349409967660904,0,1
B25,mixamorig_RightForeArm,24,0.9710289835929871,-0.2386160045862198,-0.012881999835371971,0,0.23878400027751923,0.9709780216217041,0.013598999939858913,0,0.00926399976015091,-0.016280999407172203,0.9998250007629395,0,0,0.34085699915885925,0,1
B26,mixamorig_RightHand,25,0.950643002986908,-0.2174150049686432,-0.22137799859046936,0,0.24356499314308167,0.9648900032043457,0.09830299764871597,0,0.19223299622535706,-0.14737099409103394,0.9702209830284119,0,0,0.27545401453971863,0,1
B27,mixamorig_RightHandThumb1,26,0.9843890070915222,0.008754000067710876,0.1757889986038208,0,-0.06049700081348419,0.954738974571228,0.2912290096282959,0,-0.1652829945087433,-0.2973180115222931,0.9403640031814575,0,0.03318500146269798,0.040518999099731445,0.01432500034570694,1
B28,mixamorig_RightHandThumb2,27,0.9914299845695496,0.12464799731969833,-0.03910500183701515,0,-0.12242399901151657,0.9909589886665344,0.05489100143313408,0,0.045593999326229095,-0.049633000046014786,0.9977260231971741,0,0.006163000129163265,0.04299899935722351,0,1
B29,mixamorig_RightHandThumb3,28,0.9972509741783142,-0.05543600022792816,-0.04916900023818016,0,0.05328400060534477,0.9976069927215576,-0.044050998985767365,0,0.05149399861693382,0.04131000116467476,0.9978190064430237,0,-0.0001900000061141327,0.04531899839639664,0,1
B30,mixamorig_RightHandThumb4,29,1,0,0,0,0,1,0,0,0,0,1,0,-0.005973000079393387,0.03574800118803978,0,1
B31,mixamorig_RightHandIndex1,26,0.9583219885826111,0.28509798645973206,0.018401000648736954,0,-0.26520100235939026,0.8637880086898804,0.4284130036830902,0,0.1062450036406517,-0.4154379963874817,0.9033960103988647,0,0.02574099972844124,0.10085699707269669,-0.0016690000193193555,1
B32,mixamorig_RightHandIndex2,31,0.9982860088348389,0.0574599988758564,0.011146999895572662,0,-0.05726899951696396,0.919543981552124,0.3887909948825836,0,0.012090000323951244,-0.3887630105018616,0.9212579727172852,0,-0.00041000000783242285,0.04564400017261505,0,1
B33,mixamorig_RightHandIndex3,32,0.9990469813346863,0.04255799949169159,0.009685000404715538,0,-0.04319800063967705,0.9323959946632385,0.3588460087776184,0,0.0062420000322163105,-0.3589229881763458,0.9333459734916687,0,0.00017600000137463212,0.04380900040268898,0,1
B34,mixamorig_RightHandIndex4,33,1,0,0,0,0,1,0,0,0,0,1,0,0.00023499999952036887,0.031293999403715134,0,1
B35,mixamorig_RightHandMiddle1,26,0.9554949998855591,0.2928130030632019,0.03590400144457817,0,-0.26837900280952454,0.8122580051422119,0.5178890228271484,0,0.12248100340366364,-0.5044770240783691,0.8546940088272095,0,-0.02574099972844124,0.10269399732351303,-0.002216000109910965,1
B36,mixamorig_RightHandMiddle2,35,0.9981459975242615,0.05878699943423271,0.01576000079512596,0,-0.05855400115251541,0.8568850159645081,0.5121709704399109,0,0.01660499908030033,-0.5121440291404724,0.8587390184402466,0,-0.00015999999595806003,0.046236999332904816,0,1
B37,mixamorig_RightHandMiddle3,36,0.998852014541626,0.046282000839710236,0.012357000261545181,0,-0.04658700153231621,0.8784729838371277,0.4755159914493561,0,0.01115300040692091,-0.4755449891090393,0.8796200156211853,0,0.00013699999544769526,0.042066000401973724,0,1
B38,mixamorig_RightHandMiddle4,37,1,0,0,0,0,1,0,0,0,0,1,0,0.000024000000848900527,0.029069000855088234,0,1
B39,mixamorig_LeftUpLeg,0,-0.9797189831733704,-0.05203400179743767,0.19350199401378632,0,0.08834599703550339,-0.9789360165596008,0.18406400084495544,0,0.17984899878501892,0.19742600619792938,0.9636790156364441,0,0.14228099584579468,-0.053238000720739365,0.006794999819248915,1
B40,mixamorig_LeftLeg,39,0.9823920130729675,0.157942995429039,0.09980300068855286,0,-0.07330799847841263,0.8172010183334351,-0.5716720223426819,0,-0.17184999585151672,0.5542899966239929,0.8143889904022217,0,0,0.4557810127735138,0,1
B41,mixamorig_LeftFoot,40,0.9304829835891724,-0.2942110002040863,0.21827000379562378,0,-0.18007999658584595,0.15151900053024292,0.9719120264053345,0,-0.31902000308036804,-0.9436529874801636,0.08800400048494339,0,0,0.4115409851074219,0,1
B42,mixamorig_LeftToeBase,41,0.9726300239562988,-0.017727000638842583,0.23168300092220306,0,-0.09965900331735611,0.8688960075378418,0.48485898971557617,0,-0.20990300178527832,-0.49467700719833374,0.8433470129966736,0,0,0.12541000545024872,0,1
B43,mixamorig_LeftToe_End,42,1,0,0,0,0,1,0,0,0,0,1,0,0,0.054076001048088074,0,1
B44,mixamorig_RightUpLeg,0,-0.9915069937705994,0.07034599781036377,-0.10938200354576111,0,-0.09169699996709824,-0.9745780229568481,0.20442600548267365,0,-0.09222099930047989,0.21272000670433044,0.9727510213851929,0,-0.14228099584579468,-0.053238000720739365,0.007379999849945307,1
B45,mixamorig_RightLeg,44,0.9868850111961365,-0.04873799905180931,-0.153889998793602,0,-0.02631399966776371,0.8920090198516846,-0.4512520134449005,0,0.1592639982700348,0.4493829905986786,0.8790280222892761,0,0,0.45578300952911377,0,1
B46,mixamorig_RightFoot,45,0.9770159721374512,0.21125100553035736,-0.028522999957203865,0,-0.025446999818086624,0.24842900037765503,0.9683160185813904,0,0.2116439938545227,-0.9453340172767639,0.24809500575065613,0,0,0.41253700852394104,0,1
B47,mixamorig_RightToeBase,46,0.9957619905471802,-0.09175900369882584,0.006206999998539686,0,0.0795930027961731,0.8936190009117126,0.44171300530433655,0,-0.04607800021767616,-0.4393469989299774,0.8971350193023682,0,0,0.13629400730133057,0,1
B48,mixamorig_RightToe_End,47,1,0,0,0,0,1,0,0,0,0,1,0,0,0.05289199948310852,0,1
@40,0,1,2,3,4,5,7,8,9,10,11,12,13,15,16,17,19,20,21,23,24,25,26,27,28,29,31,32,33,35,36,37,39,40,41,42,44,45,46,47
K0,0.9978889226913452,-0.05140602961182594,0.03968122974038124,0,0.05284997820854187,0.9979450702667236,-0.03623918071389198,0,-0.03773676976561546,0.038259826600551605,0.9985550045967102,0,-0.009422999806702137,0.9470049738883972,-0.0036520001012831926,1,0.997814953327179,-0.05230524018406868,-0.04036915674805641,0,0.052809763699769974,0.9985379576683044,0.011533659882843494,0,0.03970685228705406,-0.01364033855497837,0.9991179704666138,0,0,0.09582900255918503,-0.004800000227987766,1,0.9997199773788452,0.02351594716310501,-0.002557155443355441,0,-0.023337053135037422,0.9981740117073059,0.05572214722633362,0,0.0038628443144261837,-0.055646851658821106,0.998443067073822,0,0,0.11193999648094177,0,1,0.9997140169143677,0.023716909810900688,-0.0030071737710386515,0,-0.02351309172809124,0.9981750249862671,0.05562031641602516,0,0.004320826847106218,-0.05553369224071503,0.998447060585022,0,0,0.12793199717998505,0,1,0.9997829794883728,-0.020774049684405327,-0.0014723861822858453,0,0.020683949813246727,0.9987190365791321,-0.04616871476173401,0,0.0024296140763908625,0.0461282916367054,0.9989330172538757,0,0,0.14392299950122833,0,1,0.9855769872665405,0.13701120018959045,0.09933114051818848,0,-0.13305579125881195,0.9900659918785095,-0.045437972992658615,0,-0.10456985235214233,0.03156602382659912,0.9940159916877747,0,0,0.07478299736976624,0.010432000271975994,1,-0.015710005536675453,0.015564865432679653,-0.9997550249099731,0,0.8966960310935974,-0.4421510398387909,-0.02097424864768982,0,-0.4423692226409912,-0.8968059420585632,-0.007010776549577713,0,0.0625229999423027,0.12108799815177917,-0.001057000015862286,1,0.9426321387290955,0.29460278153419495,-0.15701788663864136,0,-0.05226222798228264,0.5947750210762024,0.8021909594535828,0,0.32971808314323425,-0.7479649782180786,0.5760508179664612,0,0,0.1349409967660904,0,1,0.9431970119476318,0.3317919075489044,0.017121218144893646,0,-0.3320770859718323,0.9430809617042542,0.017959799617528915,0,-0.010187783278524876,-0.02262520231306553,0.9996920228004456,0,0,0.34083500504493713,0,1,0.9630699157714844,0.13113431632518768,0.23515786230564117,0,-0.15372368693351746,0.9848400354385376,0.08037294447422028,0,-0.22105315327644348,-0.11355406790971756,0.9686279296875,0,0,0.2756190001964569,0,1,0.9804409742355347,-0.08887399733066559,-0.17560502886772156,0,0.1366180032491684,0.9495840668678284,0.28218185901641846,0,0.14167296886444092,-0.3006531596183777,0.9431519508361816,0,-0.03249699994921684,0.04073600098490715,0.014705999754369259,1,0.9721959233283997,-0.2251962274312973,0.06420283019542694,0,0.2223447859287262,0.9737541079521179,0.04864383116364479,0,-0.07347217947244644,-0.03301617130637169,0.9967509508132935,0,-0.005158999934792519,0.043007999658584595,0,1,0.9958760142326355,-0.04697328433394432,0.07761704921722412,0,0.04995571821928024,0.9980680346488953,-0.03693995252251625,0,-0.07573194801807404,0.040665049105882645,0.9962990283966064,0,-0.000547999981790781,0.045205000787973404,0,1,0.9500479698181152,-0.31085023283958435,-0.027932902798056602,0,0.28846976161003113,0.8404211401939392,0.45877784490585327,0,-0.11913590133190155,-0.4439191222190857,0.8881120085716248,0,-0.027077000588178635,0.10098300129175186,-0.002584999892860651,1,0.9976689219474792,-0.06578802317380905,-0.018127748742699623,0,0.06550396978855133,0.8487958908081055,0.524647057056427,0,-0.019128749147057533,-0.5246118307113647,0.8511271476745605,0,0.00017499999376013875,0.0438929982483387,0,1,0.9987450242042542,-0.04862748458981514,-0.01198998000472784,0,0.04911051690578461,0.9038901925086975,0.4249367415904999,0,-0.00982598029077053,-0.42499229311943054,0.9051439166069031,0,-0.00008499999967170879,0.04496400058269501,0,1,0.945923924446106,-0.3210640847682953,-0.046327825635671616,0,0.28861290216445923,0.7677741050720215,0.5720359086990356,0,-0.14809083938598633,-0.5544731616973877,0.8189189434051514,0,0.027077000588178635,0.10038899630308151,-0.0036410000175237656,1,0.9979250431060791,-0.06113901361823082,-0.020201902836561203,0,0.06113899499177933,0.8012609481811523,0.5951830744743347,0,-0.020201902836561203,-0.5951830148696899,0.8033360242843628,0,0.000009000000318337698,0.047405000776052475,0,1,0.9981399774551392,-0.058214008808135986,-0.01810813881456852,0,0.05821399390697479,0.8218581676483154,0.5667097568511963,0,-0.01810813881456852,-0.5667102336883545,0.8237189054489136,0,0.000007999999979801942,0.04241200163960457,0,1,0.01830853894352913,-0.010076750069856644,0.9997820258140564,0,-0.907477080821991,-0.41991984844207764,0.01238588523119688,0,0.41970300674438477,-0.9075050950050354,-0.016832571476697922,0,-0.0625229999423027,0.12109600007534027,-0.0012309999438002706,1,0.9805659651756287,-0.18365302681922913,0.06900034099817276,0,0.055607955902814865,0.5974600315093994,0.7999680042266846,0,-0.18814164400100708,-0.7805850505828857,0.5960620045661926,0,0,0.1349409967660904,0,1,0.9710289239883423,-0.23861604928970337,-0.012882399372756481,0,0.23878395557403564,0.9709780216217041,0.01359893474727869,0,0.009263599291443825,-0.016281062737107277,0.9998250007629395,0,0,0.34085699915885925,0,1,0.9506430625915527,-0.21741484105587006,-0.22137802839279175,0,0.2435651421546936,0.9648899435997009,0.0983029454946518,0,0.19223298132419586,-0.14737103879451752,0.9702209830284119,0,0,0.27545401453971863,0,1,0.984389066696167,0.008753958158195019,0.17578890919685364,0,-0.06049704551696777,0.9547389149665833,0.2912293076515198,0,-0.16528309881687164,-0.2973176836967468,0.9403641223907471,0,0.03318500146269798,0.040518999099731445,0.01432500034570694,1,0.9914299845695496,0.12464814633131027,-0.039105258882045746,0,-0.12242386490106583,0.9909590482711792,0.05489093437790871,0,0.0455937460064888,-0.04963308200240135,0.9977260828018188,0,0.006163000129163265,0.04299899935722351,0,1,0.9972509741783142,-0.05543607100844383,-0.04916930943727493,0,0.0532839335501194,0.9976069927215576,-0.04405100271105766,0,0.05149369314312935,0.04130999743938446,0.9978190660476685,0,-0.0001900000061141327,0.04531899839639664,0,1,0.9583219289779663,0.28509819507598877,0.018401164561510086,0,-0.26520079374313354,0.8637880682945251,0.428413063287735,0,0.10624516755342484,-0.4154379665851593,0.9033960700035095,0,0.02574099972844124,0.10085699707269669,-0.0016690000193193555,1,0.9982860684394836,0.05746001750230789,0.01114688627421856,0,-0.057268980890512466,0.9195438623428345,0.38879111409187317,0,0.012089885771274567,-0.388762891292572,0.9212580323219299,0,-0.00041000000783242285,0.04564400017261505,0,1,0.9990469813346863,0.04255829378962517,0.009684810414910316,0,-0.04319770634174347,0.9323959350585938,0.3588462769985199,0,0.006241810042411089,-0.3589227497577667,0.9333460330963135,0,0.00017600000137463212,0.04380900040268898,0,1,0.9554948806762695,0.29281333088874817,0.03590436279773712,0,-0.26837867498397827,0.8122580051422119,0.517889142036438,0,0.12248136103153229,-0.5044768452644348,0.8546940088272095,0,-0.02574099972844124,0.10269399732351303,-0.002216000109910965,1,0.9981459975242615,0.0587870329618454,0.015759730711579323,0,-0.058553967624902725,0.8568851351737976,0.5121707916259766,0,0.016604727134108543,-0.512144148349762,0.858738899230957,0,-0.00015999999595806003,0.046236999332904816,0,1,0.9988519549369812,0.046282101422548294,0.012356770224869251,0,-0.04658689722418785,0.8784730434417725,0.47551581263542175,0,0.01115277037024498,-0.47554516792297363,0.8796198964118958,0,0.00013699999544769526,0.042066000401973724,0,1,-0.9797189235687256,-0.05203374847769737,0.19350223243236542,0,0.08834623545408249,-0.978935956954956,0.1840638965368271,0,0.17984874546527863,0.19742606580257416,0.9636790156364441,0,0.14228099584579468,-0.053238000720739365,0.006794999819248915,1,0.9823920130729675,0.1579432487487793,0.09980259835720062,0,-0.07330775260925293,0.8172007203102112,-0.5716724395751953,0,-0.17185039818286896,0.5542896389961243,0.814389169216156,0,0,0.4557810127735138,0,1,0.930482804775238,-0.2942110300064087,0.21827071905136108,0,-0.18008001148700714,0.15151914954185486,0.9719119071960449,0,-0.31901928782463074,-0.9436531066894531,0.08800439536571503,0,0,0.4115409851074219,0,1,0.9726300835609436,-0.017726607620716095,0.2316829413175583,0,-0.09965860843658447,0.8688960671424866,0.4848589599132538,0,-0.2099030762910843,-0.4946770668029785,0.8433470129966736,0,0,0.12541000545024872,0,1,-0.9915069341659546,0.07034598290920258,-0.10938215255737305,0,-0.09169701486825943,-0.9745780229568481,0.20442615449428558,0,-0.09222085028886795,0.2127198874950409,0.9727510213851929,0,-0.14228099584579468,-0.053238000720739365,0.007379999849945307,1,0.9868850111961365,-0.04873770847916603,-0.15388986468315125,0,-0.02631371282041073,0.8920090794563293,-0.45125189423561096,0,0.15926411747932434,0.44938310980796814,0.8790279030799866,0,0,0.45578300952911377,0,1,0.9770158529281616,0.2112513929605484,-0.028522996231913567,0,-0.025446610525250435,0.24842917919158936,0.9683160185813904,0,0.2116440087556839,-0.9453340768814087,0.2480948269367218,0,0,0.41253700852394104,0,1,0.995762050151825,-0.09175892919301987,0.006207105703651905,0,0.07959306985139847,0.8936189413070679,0.44171300530433655,0,-0.046077895909547806,-0.43934693932533264,0.8971350789070129,0,0,0.13629400730133057,0,1
K0.034,0.9978920221328735,-0.05160455405712128,0.03935711458325386,0,0.05304213613271713,0.9979288578033447,-0.03640131279826164,0,-0.0373971089720726,0.038412149995565414,0.9985620379447937,0,-0.009465284645557404,0.9470513463020325,-0.0037299233954399824,1,0.9978019595146179,-0.05232217162847519,-0.040657903999090195,0,0.05286642536520958,0.9985238313674927,0.012427832931280136,0,0.03994766250252724,-0.014549964107573032,0.9990957975387573,0,0,0.09582900255918503,-0.004800000227987766,1,0.9997260570526123,0.023240504786372185,-0.0026275538839399815,0,-0.02306056022644043,0.9982144236564636,0.055094245821237564,0,0.0039032823406159878,-0.0550185851752758,0.9984773397445679,0,0,0.11193999648094177,0,1,0.99972003698349,0.02343970537185669,-0.0030746266711503267,0,-0.023235322907567024,0.9982163906097412,0.05499231442809105,0,0.004358149599283934,-0.054905522614717484,0.9984824061393738,0,0,0.12793199717998505,0,1,0.999809205532074,-0.01947595924139023,-0.0015918654389679432,0,0.019378961995244026,0.9986940026283264,-0.047278162091970444,0,0.0025105737149715424,0.04723828658461571,0.9988807439804077,0,0,0.14392299950122833,0,1,0.9849202036857605,0.14039604365825653,0.10109742730855942,0,-0.1364516019821167,0.9896261096000671,-0.04496292024850845,0,-0.1063612625002861,0.030489979311823845,0.9938598871231079,0,0,0.07478299736976624,0.010432000271975994,1,-0.015055998228490353,0.0156264491379261,-0.9997641444206238,0,0.8969051241874695,-0.44175127148628235,-0.020411578938364983,0,-0.44196608662605286,-0.8970010280609131,-0.007364501710981131,0,0.0625229999423027,0.12108799815177917,-0.001057000015862286,1,0.9403836727142334,0.3025723993778229,-0.15533149242401123,0,-0.060025639832019806,0.5971802473068237,0.799858033657074,0,0.33477583527565,-0.7428494691848755,0.579740583896637,0,0,0.1349409967660904,0,1,0.9411080479621887,0.33766600489616394,0.01723419316112995,0,-0.33795619010925293,0.9409839510917664,0.01827722229063511,0,-0.01004550140351057,-0.02302524261176586,0.9996838569641113,0,0,0.34083500504493713,0,1,0.961692214012146,0.13263456523418427,0.239908367395401,0,-0.1547153741121292,0.9850625395774841,0.07559230923652649,0,-0.22629864513874054,-0.10981407016515732,0.9678478240966797,0,0,0.2756190001964569,0,1,0.9804409742355347,-0.08887406438589096,-0.1756049245595932,0,0.13661791384220123,0.9495840072631836,0.28218117356300354,0,0.14167308807373047,-0.3006528615951538,0.9431530833244324,0,-0.03249699994921684,0.04073600098490715,0.014705999754369259,1,0.9721959233283997,-0.2251962274312973,0.06420283019542694,0,0.2223447859287262,0.9737541079521179,0.04864382743835449,0,-0.07347217947244644,-0.03301616758108139,0.9967509508132935,0,-0.005158999934792519,0.043007999658584595,0,1,0.9958760142326355,-0.04697380214929581,0.07761706411838531,0,0.04995619133114815,0.9980679154396057,-0.036939430981874466,0,-0.07573195546865463,0.04066456854343414,0.9962990283966064,0,-0.000547999981790781,0.045205000787973404,0,1,0.9500328898429871,-0.31089743971824646,-0.02795533463358879,0,0.2884628474712372,0.8401862382888794,0.4592123329639435,0,-0.11928019672632217,-0.44433069229125977,0.8878865242004395,0,-0.027077000588178635,0.10098300129175186,-0.002584999892860651,1,0.9976670742034912,-0.06581076234579086,-0.018142884597182274,0,0.0655265599489212,0.8486652374267578,0.5248551964759827,0,-0.01914389431476593,-0.5248197913169861,0.8509979248046875,0,0.00017499999376013875,0.0438929982483387,0,1,0.998744010925293,-0.04864000529050827,-0.011995960026979446,0,0.04912317171692848,0.9038366079330444,0.4250478744506836,0,-0.009831951931118965,-0.42510372400283813,0.9050916433334351,0,-0.00008499999967170879,0.04496400058269501,0,1,0.945909857749939,-0.32110118865966797,-0.04635543003678322,0,0.28858888149261475,0.767497181892395,0.5724205374717712,0,-0.14822719991207123,-0.5548356175422668,0.8186489343643188,0,0.027077000588178635,0.10038899630308151,-0.0036410000175237656,1,0.9979230165481567,-0.061161141842603683,-0.020218217745423317,0,0.06116117537021637,0.8011019229888916,0.5953955054283142,0,-0.020218219608068466,-0.595395565032959,0.8031788468360901,0,0.000009000000318337698,0.047405000776052475,0,1,0.9981390237808228,-0.05822490528225899,-0.018116097897291183,0,0.05822524428367615,0.8217864036560059,0.5668138861656189,0,-0.018115108832716942,-0.5668135285377502,0.8236466646194458,0,0.000007999999979801942,0.04241200163960457,0,1,0.01743541844189167,-0.01008778065443039,0.9997970461845398,0,-0.9070854783058167,-0.4207875728607178,0.01157290954142809,0,0.4205852448940277,-0.907102644443512,-0.016487015411257744,0,-0.0625229999423027,0.12109600007534027,-0.0012309999438002706,1,0.9801306128501892,-0.1859898865222931,0.06893792748451233,0,0.05713864043354988,0.5975551009178162,0.7997899651527405,0,-0.18994684517383575,-0.7799587249755859,0.5963084697723389,0,0,0.1349409967660904,0,1,0.9711717367172241,-0.23803186416625977,-0.012874037027359009,0,0.23819942772388458,0.971121609210968,0.013566570356488228,0,0.009272980503737926,-0.01624205708503723,0.9998250007629395,0,0,0.34085699915885925,0,1,0.9507395625114441,-0.2173667699098587,-0.2210097461938858,0,0.24361494183540344,0.9647968411445618,0.09908891469240189,0,0.19169090688228607,-0.14804907143115997,0.9702245593070984,0,0,0.27545401453971863,0,1,0.9843890070915222,0.00875410158187151,0.17578789591789246,0,-0.060496896505355835,0.9547388553619385,0.29122936725616455,0,-0.16528210043907166,-0.2973176836967468,0.9403641819953918,0,0.03318500146269798,0.040518999099731445,0.01432500034570694,1,0.9914299845695496,0.12464813888072968,-0.03910475969314575,0,-0.12242388725280762,0.9909590482711792,0.05489089712500572,0,0.04559324309229851,-0.049633100628852844,0.9977260231971741,0,0.006163000129163265,0.04299899935722351,0,1,0.9972509741783142,-0.05543607845902443,-0.04916930943727493,0,0.0532839410007,0.9976069927215576,-0.04405100271105766,0,0.05149369686841965,0.04130999743938446,0.9978190660476685,0,-0.0001900000061141327,0.04531899839639664,0,1,0.9583169221878052,0.28511422872543335,0.018407925963401794,0,-0.2652019262313843,0.8637195229530334,0.42855316400527954,0,0.10628726333379745,-0.41557133197784424,0.9033293724060059,0,0.02574099972844124,0.10085699707269669,-0.0016690000193193555,1,0.9982849955558777,0.05746698006987572,0.011150975711643696,0,-0.0572761595249176,0.9195156693458557,0.38885781168937683,0,0.012092983350157738,-0.38882943987846375,0.9212298393249512,0,-0.00041000000783242285,0.04564400017261505,0,1,0.9990469813346863,0.04256220534443855,0.009686866775155067,0,-0.04320187121629715,0.9323829412460327,0.35888001322746277,0,0.006242858245968819,-0.3589566648006439,0.9333337545394897,0,0.00017600000137463212,0.04380900040268898,0,1,0.9554910659790039,0.2928257882595062,0.03591182455420494,0,-0.2683752179145813,0.8121800422668457,0.5180141925811768,0,0.12252112478017807,-0.5045960545539856,0.8546184301376343,0,-0.02574099972844124,0.10269399732351303,-0.002216000109910965,1,0.9981460571289062,0.05879361927509308,0.0157640278339386,0,-0.058560509234666824,0.8568446040153503,0.512238621711731,0,0.016609027981758118,-0.512211799621582,0.8586985468864441,0,-0.00015999999595806003,0.046236999332904816,0,1,0.9988520741462708,0.04628526419401169,0.012357977218925953,0,-0.04658981040120125,0.8784547448158264,0.4755483865737915,0,0.011154960840940475,-0.47557833790779114,0.8796029686927795,0,0.00013699999544769526,0.042066000401973724,0,1,-0.9796608686447144,-0.05243685469031334,0.19368916749954224,0,0.088774673640728,-0.9789095520973206,0.1839965432882309,0,0.17995595932006836,0.19744890928268433,0.9636543989181519,0,0.14228099584579468,-0.053238000720739365,0.006794999819248915,1,0.9824114441871643,0.1577577143907547,0.09989912062883377,0,-0.07311128824949265,0.817259669303894,-0.5716131329536438,0,-0.17181989550590515,0.5542555451393127,0.814419150352478,0,0,0.4557810127735138,0,1,0.9306842684745789,-0.29393211007118225,0.217786505818367,0,-0.17957688868045807,0.15159180760383606,0.9719934463500977,0,-0.31871476769447327,-0.943728506565094,0.08830070495605469,0,0,0.4115409851074219,0,1,0.9726309776306152,-0.01773098297417164,0.23167893290519714,0,-0.09965690225362778,0.8688859343528748,0.48487618565559387,0,-0.20990003645420074,-0.494694322347641,0.8433389067649841,0,0,0.12541000545024872,0,1,-0.9915394186973572,0.07012112438678741,-0.10923599451780319,0,-0.09139877557754517,-0.9747074246406555,0.2039429098367691,0,-0.09217238426208496,0.21220135688781738,0.972869336605072,0,-0.14228099584579468,-0.053238000720739365,0.007379999849945307,1,0.986876904964447,-0.048605140298604965,-0.15398766100406647,0,-0.026364987716078758,0.8923249840736389,-0.4506242573261261,0,0.15930958092212677,0.4487702548503876,0.8793328404426575,0,0,0.45578300952911377,0,1,0.9770117998123169,0.2111961394548416,-0.029054801911115646,0,-0.024987664073705673,0.2487974613904953,0.9682332873344421,0,0.21171581745147705,-0.9452489614486694,0.24835526943206787,0,0,0.41253700852394104,0,1,0.9957619309425354,-0.0917591080069542,0.006199336145073175,0,0.07960092276334763,0.893659234046936,0.4416285753250122,0,-0.04606354981660843,-0.43926358222961426,0.897176206111908,0,0,0.13629400730133057,0,1
K0.067,0.9978951811790466,-0.05188284441828728,0.03890887647867203,0,0.05331316217780113,0.9979045391082764,-0.03667085990309715,0,-0.03692472353577614,0.03866799920797348,0.9985693097114563,0,-0.00949813798069954,0.9470894932746887,-0.0038383780047297478,1,0.9977920055389404,-0.0523303784430027,-0.04089557006955147,0,0.05292440950870514,0.9985057711601257,0.01358006801456213,0,0.04012385010719299,-0.01571447215974331,0.9990715980529785,0,0,0.09582900255918503,-0.004800000227987766,1,0.9997330904006958,0.022951561957597733,-0.0026930738240480423,0,-0.022771496325731277,0.9982638955116272,0.05432399734854698,0,0.003935218323022127,-0.054248157888650894,0.9985198378562927,0,0,0.11193999648094177,0,1,0.9997271299362183,0.02314845286309719,-0.003136720973998308,0,-0.02294447086751461,0.9982649683952332,0.05422196909785271,0,0.004386433400213718,-0.05413520336151123,0.9985237717628479,0,0,0.12793199717998505,0,1,0.9998270869255066,-0.018548140302300453,-0.0015738881193101406,0,0.01845182664692402,0.9986881017684937,-0.04776113107800484,0,0.0024577020667493343,0.04772380366921425,0.9988570809364319,0,0,0.14392299950122833,0,1,0.9843583106994629,0.1430669128894806,0.10281795263290405,0,-0.13920213282108307,0.9892916679382324,-0.04386499151587486,0,-0.1079925075173378,0.028866374865174294,0.9937320947647095,0,0,0.07478299736976624,0.010432000271975994,1,-0.014398908242583275,0.015795908868312836,-0.9997710585594177,0,0.8964296579360962,-0.4427388310432434,-0.01990562304854393,0,-0.4429520070552826,-0.8965112566947937,-0.007784973829984665,0,0.0625229999423027,0.12108799815177917,-0.001057000015862286,1,0.9387198686599731,0.30637702345848083,-0.15791703760623932,0,-0.06218195706605911,0.6011675596237183,0.7966999411582947,0,0.3390252888202667,-0.7380586862564087,0.5833792686462402,0,0,0.1349409967660904,0,1,0.938507080078125,0.34482359886169434,0.017375007271766663,0,-0.345119833946228,0.938372790813446,0.018664782866835594,0,-0.00986817479133606,-0.023513484746217728,0.9996747374534607,0,0,0.34083500504493713,0,1,0.960673987865448,0.1333817094564438,0.24354685842990875,0,-0.15466956794261932,0.9854548573493958,0.0703987330198288,0,-0.23061440885066986,-0.1052994653582573,0.9673303365707397,0,0,0.2756190001964569,0,1,0.9804410338401794,-0.08887363225221634,-0.17560485005378723,0,0.13661737740039825,0.9495840072631836,0.28218069672584534,0,0.14167314767837524,-0.30065223574638367,0.943152904510498,0,-0.03249699994921684,0.04073600098490715,0.014705999754369259,1,0.9721959233283997,-0.22519619762897491,0.06420288234949112,0,0.2223447561264038,0.9737539887428284,0.048643335700035095,0,-0.07347211986780167,-0.03301567956805229,0.9967510104179382,0,-0.005158999934792519,0.043007999658584595,0,1,0.9958759546279907,-0.04697328805923462,0.07761802524328232,0,0.04995571821928024,0.9980679750442505,-0.036939434707164764,0,-0.07573294639587402,0.04066458344459534,0.9962990880012512,0,-0.000547999981790781,0.045205000787973404,0,1,0.9500187635421753,-0.31093552708625793,-0.02797454595565796,0,0.2884569764137268,0.8399916887283325,0.4595712423324585,0,-0.11939869076013565,-0.4446709454059601,0.8876997828483582,0,-0.027077000588178635,0.10098300129175186,-0.002584999892860651,1,0.99766606092453,-0.06583002954721451,-0.018154988065361977,0,0.06554541736841202,0.8485575914382935,0.5250272750854492,0,-0.019157005473971367,-0.5249918699264526,0.8508918881416321,0,0.00017499999376013875,0.0438929982483387,0,1,0.998744010925293,-0.04864988476037979,-0.012001288123428822,0,0.04913337528705597,0.9037933945655823,0.4251392185688019,0,-0.00983628910034895,-0.4251949191093445,0.905048668384552,0,-0.00008499999967170879,0.04496400058269501,0,1,0.9458988904953003,-0.32113027572631836,-0.04637739807367325,0,0.2885679602622986,0.7672721147537231,0.5727319121360779,0,-0.14833740890026093,-0.5551292896270752,0.8184295296669006,0,0.027077000588178635,0.10038899630308151,-0.0036410000175237656,1,0.9979219436645508,-0.06117921322584152,-0.02023160457611084,0,0.061179209500551224,0.8009704351425171,0.5955701470375061,0,-0.020231585949659348,-0.5955700278282166,0.8030484318733215,0,0.000009000000318337698,0.047405000776052475,0,1,0.9981380105018616,-0.05823405459523201,-0.018121764063835144,0,0.05823411047458649,0.8217262625694275,0.5669001340866089,0,-0.018121765926480293,-0.566899836063385,0.8235873579978943,0,0.000007999999979801942,0.04241200163960457,0,1,0.01669710874557495,-0.01006994117051363,0.999809980392456,0,-0.9067949056625366,-0.42143040895462036,0.010899115353822708,0,0.4212407171726227,-0.9068048596382141,-0.016168000176548958,0,-0.0625229999423027,0.12109600007534027,-0.0012309999438002706,1,0.9796179533004761,-0.18849949538707733,0.06939686834812164,0,0.05841464549303055,0.5978948473930359,0.7994430661201477,0,-0.19218681752681732,-0.7790956497192383,0.5967201590538025,0,0,0.1349409967660904,0,1,0.9712437987327576,-0.23773738741874695,-0.012870365753769875,0,0.23790468275547028,0.9711937308311462,0.013548949733376503,0,0.009278529323637486,-0.01622125506401062,0.9998249411582947,0,0,0.34085699915885925,0,1,0.9508103132247925,-0.21731150150299072,-0.2207617610692978,0,0.24372510612010956,0.9646615982055664,0.10012730211019516,0,0.1912015825510025,-0.14900726079940796,0.9701744914054871,0,0,0.27545401453971863,0,1,0.9843889474868774,0.008753497153520584,0.17578831315040588,0,-0.0604965016245842,0.9547380805015564,0.291229784488678,0,-0.16528265178203583,-0.2973182499408722,0.9403640627861023,0,0.03318500146269798,0.040518999099731445,0.01432500034570694,1,0.9914300441741943,0.12464863806962967,-0.03910478204488754,0,-0.12242437154054642,0.9909589290618896,0.05489041283726692,0,0.045593224465847015,-0.04963260516524315,0.9977260231971741,0,0.006163000129163265,0.04299899935722351,0,1,0.9972509145736694,-0.055437058210372925,-0.04916928708553314,0,0.05328492820262909,0.9976069927215576,-0.04405102878808975,0,0.05149371549487114,0.04130997136235237,0.9978190660476685,0,-0.0001900000061141327,0.04531899839639664,0,1,0.9583119750022888,0.28513115644454956,0.018414191901683807,0,-0.26520204544067383,0.8636450171470642,0.42870089411735535,0,0.1063326895236969,-0.415712833404541,0.9032590389251709,0,0.02574099972844124,0.10085699707269669,-0.0016690000193193555,1,0.9982850551605225,0.05747614800930023,0.011154795065522194,0,-0.05728505551815033,0.9194827675819397,0.3889346420764923,0,0.012097811326384544,-0.38890624046325684,0.9211974740028381,0,-0.00041000000783242285,0.04564400017261505,0,1,0.9990469813346863,0.04256659746170044,0.009689133614301682,0,-0.04320652037858963,0.9323678016662598,0.35891932249069214,0,0.006244133226573467,-0.3589956760406494,0.9333177804946899,0,0.00017600000137463212,0.04380900040268898,0,1,0.9554869532585144,0.2928391098976135,0.035919710993766785,0,-0.26837098598480225,0.8120949864387512,0.5181496739387512,0,0.12256418913602829,-0.5047246813774109,0.8545349836349487,0,-0.02574099972844124,0.10269399732351303,-0.002216000109910965,1,0.9981449842453003,0.05880117416381836,0.015768952667713165,0,-0.05856802687048912,0.8567975163459778,0.5123156309127808,0,0.016613969579339027,-0.5122890472412109,0.8586523532867432,0,-0.00015999999595806003,0.046236999332904816,0,1,0.9988519549369812,0.046289023011922836,0.012361051514744759,0,-0.046594079583883286,0.8784337043762207,0.47558653354644775,0,0.011156069114804268,-0.4756163954734802,0.8795817494392395,0,0.00013699999544769526,0.042066000401973724,0,1,-0.9795369505882263,-0.05313558503985405,0.19412223994731903,0,0.08955089002847672,-0.9788503646850586,0.18393881618976593,0,0.18024301528930664,0.19755876064300537,0.9635787606239319,0,0.14228099584579468,-0.053238000720739365,0.006794999819248915,1,0.9824697375297546,0.15725761651992798,0.10011376440525055,0,-0.07254742830991745,0.8172227740287781,-0.5717381238937378,0,-0.17172545194625854,0.5544524788856506,0.8143053650856018,0,0,0.4557810127735138,0,1,0.9310595989227295,-0.2933809757232666,0.2169211506843567,0,-0.17876486480236053,0.15148058533668518,0.972160816192627,0,-0.3180729150772095,-0.9439178109169006,0.08859127759933472,0,0,0.4115409851074219,0,1,0.9726319313049316,-0.01773805543780327,0.23167213797569275,0,-0.09965388476848602,0.8688717484474182,0.48490357398986816,0,-0.20989461243152618,-0.4947196841239929,0.8433247208595276,0,0,0.12541000545024872,0,1,-0.9915848970413208,0.0698130801320076,-0.10901769250631332,0,-0.09099171310663223,-0.9748714566230774,0.20333616435527802,0,-0.09208282083272934,0.21154500544071198,0.9730212688446045,0,-0.14228099584579468,-0.053238000720739365,0.007379999849945307,1,0.9868679046630859,-0.04851210489869118,-0.15407557785511017,0,-0.026367349550127983,0.8926646709442139,-0.44994887709617615,0,0.159365713596344,0.4481024444103241,0.8796625733375549,0,0,0.45578300952911377,0,1,0.9769878387451172,0.21120664477348328,-0.029775140807032585,0,-0.024368977174162865,0.24920980632305145,0.9681426882743835,0,0.211898535490036,-0.9451385736465454,0.24862198531627655,0,0,0.41253700852394104,0,1,0.9957619905471802,-0.0917588397860527,0.006194751709699631,0,0.07960522174835205,0.8936833143234253,0.4415813982486725,0,-0.04605512693524361,-0.4392167329788208,0.8972001671791077,0,0,0.13629400730133057,0,1
