0.900,30,26,49
B0,mixamorig_Hips,-1,0.9832760095596313,-0.05999713018536568,-0.17195799946784973,0,0.05825486406683922,0.9981870055198669,-0.0151649946346879,0,0.17255598306655884,0.004893983248621225,0.9849879145622253,0,0.008384999819099903,0.9620869755744934,-0.018518999218940735,1
B1,mixamorig_Spine,0,0.9992050528526306,0.03757385537028313,0.013348761945962906,0,-0.03750814497470856,0.9992830157279968,-0.005137882195413113,0,-0.013532242737710476,0.004633111413568258,0.9998980760574341,0,0,0.09582900255918503,-0.004800000227987766,1
B2,mixamorig_Spine1,1,0.9991000294685364,0.01158233918249607,0.04079601913690567,0,-0.012744652107357979,0.999517023563385,0.028346799314022064,0,-0.04044799134135246,-0.028841214254498482,0.9987649917602539,0,0,0.11193999648094177,0,1
B3,mixamorig_Spine2,2,0.9991949796676636,0.004435849376022816,0.03986622020602226,0,-0.0023931500036269426,0.9986890554428101,-0.05114131048321724,0,-0.04004078730940819,0.05100470036268234,0.9978950619697571,0,0,0.12793199717998505,0,1
B4,mixamorig_Neck,3,0.9996509552001953,-0.016996270045638084,0.02023804374039173,0,0.017168719321489334,0.999817967414856,-0.008377736434340477,0,-0.02009195275604725,0.008722266182303429,0.9997599720954895,0,0,0.14392299950122833,0,1
B5,mixamorig_Head,4,0.9977390170097351,0.006990670692175627,0.06684999912977219,0,-0.005402322392910719,0.9996989965438843,-0.023911120370030403,0,-0.06699700653553009,0.023495901376008987,0.9974759817123413,0,0,0.07478299736976624,0.010432000271975994,1
B6,mixamorig_HeadTop_End,5,1,0,0,0,0,1,0,0,0,0,1,0,0,0.2778579890727997,0.03876199945807457,1
B7,mixamorig_LeftShoulder,3,0.3442489802837372,0.13109838962554932,-0.9296810030937195,0,0.8972429633140564,-0.337542861700058,0.2846391201019287,0,-0.27649131417274475,-0.9321359395980835,-0.23382572829723358,0,0.0625229999423027,0.12108799815177917,-0.001057000015862286,1
B8,mixamorig_LeftArm,7,0.9912070631980896,-0.13002558052539825,-0.0245260838419199,0,0.09058213979005814,0.5316848754882812,0.8420840501785278,0,-0.09645238518714905,-0.836901843547821,0.5387881398200989,0,0,0.1349409967660904,0,1
B9,mixamorig_LeftForeArm,8,0.8065091371536255,0.5907137989997864,0.024514244869351387,0,-0.591221034526825,0.8058748841285706,0.03197411075234413,0,-0.0008678671438246965,-0.04028075560927391,0.9991880059242249,0,0,0.34083500504493713,0,1
B10,mixamorig_LeftHand,9,0.7463409900665283,0.5748450756072998,-0.3354520797729492,0,-0.5498079657554626,0.8165390491485596,0.1759989857673645,0,0.3750818967819214,0.05307896062731743,0.9254710674285889,0,0,0.2756190001964569,0,1
B11,mixamorig_LeftHandThumb1,10,0.7044761180877686,0.010626200586557388,-0.7096479535102844,0,0.1448071449995041,0.9767019152641296,0.15837687253952026,0,0.6947979927062988,-0.21433497965335846,0.6865249276161194,0,-0.03249699994921684,0.04073600098490715,0.014705999754369259,1
B12,mixamorig_LeftHandThumb2,11,0.9272388815879822,-0.05161076784133911,0.37089523673057556,0,-0.005150705575942993,0.9886050224304199,0.15044300258159637,0,-0.3744337558746338,-0.14140711724758148,0.916408121585846,0,-0.005158999934792519,0.043007999658584595,0,1
B13,mixamorig_LeftHandThumb3,12,0.9424840211868286,0.2926351726055145,-0.16152188181877136,0,-0.28171980381011963,0.9555171132087708,0.08730413764715195,0,0.17988504469394684,-0.03677881881594658,0.9829999804496765,0,-0.000547999981790781,0.045205000787973404,0,1
B14,mixamorig_LeftHandThumb4,13,1,0,0,0,0,1,0,0,0,0,1,0,0.0057069999165833,0.035927001386880875,0,1
B15,mixamorig_LeftHandIndex1,10,0.9485530853271484,-0.31589987874031067,-0.021338747814297676,0,0.3121090829372406,0.9442489743232727,-0.10479056090116501,0,0.05325239151716232,0.09273934364318848,0.9942650198936462,0,-0.027077000588178635,0.10098300129175186,-0.002584999892860651,1
B16,mixamorig_LeftHandIndex2,15,0.9988570213317871,-0.047533970326185226,-0.005084015894681215,0,0.046970024704933167,0.9560530185699463,0.2894059717655182,0,-0.008896024897694588,-0.28931400179862976,0.9571930170059204,0,0.00017499999376013875,0.0438929982483387,0,1
B17,mixamorig_LeftHandIndex3,16,0.9999939799308777,-0.00343682081438601,0.00020679349836427718,0,0.003415164537727833,0.9977350234985352,0.0671820417046547,0,-0.00043721788097172976,-0.06718094646930695,0.9977409243583679,0,-0.00008499999967170879,0.04496400058269501,0,1
B18,mixamorig_LeftHandIndex4,17,1,0,0,0,0,1,0,0,0,0,1,0,-0.00009000000136438757,0.03275499865412712,0,1
B19,mixamorig_LeftHandMiddle1,10,0.9232761263847351,-0.38271191716194153,-0.033061809837818146,0,0.37851911783218384,0.8917309045791626,0.2480691373348236,0,-0.0654568001627922,-0.24155090749263763,0.9681779742240906,0,0.027077000588178635,0.10038899630308151,-0.0036410000175237656,1
B20,mixamorig_LeftHandMiddle2,19,0.9986100196838379,-0.051981039345264435,-0.00875632930546999,0,0.05025181174278259,0.8885830640792847,0.4559548795223236,0,-0.015920279547572136,-0.45576104521751404,0.8899599313735962,0,0.000009000000318337698,0.047405000776052475,0,1
B21,mixamorig_LeftHandMiddle3,20,0.9996179938316345,-0.02733698859810829,-0.004062833730131388,0,0.02739705517888069,0.9608250856399536,0.2757990062236786,0,-0.0036358421202749014,-0.27580496668815613,0.9612069725990295,0,0.000007999999979801942,0.04241200163960457,0,1
B22,mixamorig_LeftHandMiddle4,21,1,0,0,0,0,1,0,0,0,0,1,0,-0.00001700000029813964,0.028410999104380608,0,1
B23,mixamorig_RightShoulder,3,0.06788747012615204,0.013334088027477264,0.9976040124893188,0,-0.9058169722557068,-0.4183010756969452,0.0672324150800705,0,0.41819489002227783,-0.908210039138794,-0.016319209709763527,0,-0.0625229999423027,0.12109600007534027,-0.0012309999438002706,1
B24,mixamorig_RightArm,23,0.9100678563117981,0.21319526433944702,0.35542112588882446,0,-0.412239670753479,0.5542601346969604,0.7230870127677917,0,-0.04283706843852997,-0.8045769929885864,0.5923019647598267,0,0,0.1349409967660904,0,1
B25,mixamorig_RightForeArm,24,0.8437871932983398,-0.5362997055053711,-0.020129188895225525,0,0.5366772413253784,0.8432338833808899,0.030564790591597557,0,0.0005817242199555039,-0.03659306466579437,0.9993299841880798,0,0,0.34085699915885925,0,1
B26,mixamorig_RightHand,25,0.8185868859291077,-0.38026612997055054,0.4304789900779724,0,0.28915897011756897,0.9203930497169495,0.2631778120994568,0,-0.496288001537323,-0.0909571424126625,0.8633800148963928,0,0,0.27545401453971863,0,1
B27,mixamorig_RightHandThumb1,26,0.8829761147499084,-0.00101123983040452,0.4694158136844635,0,-0.09417024999856949,0.9792870283126831,0.17924487590789795,0,-0.45987415313720703,-0.2024739682674408,0.8645919561386108,0,0.03318500146269798,0.040518999099731445,0.01432500034570694,1
B28,mixamorig_RightHandThumb2,27,0.9897159934043884,0.04412921145558357,0.1360672116279602,0,-0.024429839104413986,0.989395022392273,-0.14318381249904633,0,-0.14094278216362,0.13838717341423035,0.9802979826927185,0,0.006163000129163265,0.04299899935722351,0,1
B29,mixamorig_RightHandThumb3,28,0.8973881006240845,-0.4025428891181946,-0.18070515990257263,0,0.39750513434410095,0.9153009653091431,-0.06492098420858383,0,0.19153288006782532,-0.013571900315582752,0.9813920259475708,0,-0.0001900000061141327,0.04531899839639664,0,1
B30,mixamorig_RightHandThumb4,29,1,0,0,0,0,1,0,0,0,0,1,0,-0.005973000079393387,0.03574800118803978,0,1
B31,mixamorig_RightHandIndex1,26,0.975629985332489,0.21932819485664368,-0.006459481548517942,0,-0.21523289382457733,0.9623090624809265,0.166241854429245,0,0.04267753288149834,-0.16080021858215332,0.9860639572143555,0,0.02574099972844124,0.10085699707269669,-0.0016690000193193555,1
B32,mixamorig_RightHandIndex2,31,0.9975540041923523,0.0687318742275238,0.012746140360832214,0,-0.0671110451221466,0.8906220197677612,0.4497649073600769,0,0.01956118829548359,-0.4495200514793396,0.8930559754371643,0,-0.00041000000783242285,0.04564400017261505,0,1
B33,mixamorig_RightHandIndex3,32,0.9999520182609558,0.009717365726828575,-0.0015919391298666596,0,-0.008793633431196213,0.9539940357208252,0.29969578981399536,0,0.004430950153619051,-0.2996671795845032,0.9540329575538635,0,0.00017600000137463212,0.04380900040268898,0,1
B34,mixamorig_RightHandIndex4,33,1,0,0,0,0,1,0,0,0,0,1,0,0.00023499999952036887,0.031293999403715134,0,1
B35,mixamorig_RightHandMiddle1,26,0.9296500086784363,0.367061972618103,0.03186986595392227,0,-0.351995050907135,0.8592640161514282,0.37116777896881104,0,0.10885696113109589,-0.35627418756484985,0.9280189275741577,0,-0.02574099972844124,0.10269399732351303,-0.002216000109910965,1
B36,mixamorig_RightHandMiddle2,35,0.9973459839820862,0.07053481787443161,0.018070444464683533,0,-0.06667786091566086,0.7850319147109985,0.6158570051193237,0,0.029253462329506874,-0.6154269576072693,0.7876510620117188,0,-0.00015999999595806003,0.046236999332904816,0,1
B37,mixamorig_RightHandMiddle3,36,0.9990789890289307,0.04131503403186798,0.011617204174399376,0,-0.041374873369932175,0.8552992939949036,0.5164795517921448,0,0.011402180418372154,-0.5164844989776611,0.8562207818031311,0,0.00013699999544769526,0.042066000401973724,0,1
B38,mixamorig_RightHandMiddle4,37,1,0,0,0,0,1,0,0,0,0,1,0,0.000024000000848900527,0.029069000855088234,0,1
B39,mixamorig_LeftUpLeg,0,-0.9975440502166748,-0.06524332612752914,0.025467824190855026,0,0.07001377642154694,-0.9384700655937195,0.3381880819797516,0,0.0018362790578976274,0.33914095163345337,0.9407340288162231,0,0.14228099584579468,-0.053238000720739365,0.006794999819248915,1
B40,mixamorig_LeftLeg,39,0.996882975101471,0.04108876734972,-0.06735534965991974,0,-0.07670973241329193,0.3050509989261627,-0.9492409229278564,0,-0.01845632679760456,0.951448917388916,0.30725201964378357,0,0,0.4557810127735138,0,1
B41,mixamorig_LeftFoot,40,0.9835220575332642,-0.04323481768369675,-0.1755451261997223,0,0.1800459772348404,0.3222801983356476,0.9293648600578308,0,0.016393788158893585,-0.9456570148468018,0.32475394010543823,0,0,0.4115409851074219,0,1
B42,mixamorig_LeftToeBase,41,0.9702539443969727,-0.0061893039382994175,0.2420092076063156,0,-0.10360704362392426,0.8928802609443665,0.43821245431900024,0,-0.21879762411117554,-0.4502515196800232,0.8656798601150513,0,0,0.12541000545024872,0,1
B43,mixamorig_LeftToe_End,42,1,0,0,0,0,1,0,0,0,0,1,0,0,0.054076001048088074,0,1
B44,mixamorig_RightUpLeg,0,-0.9696110486984253,-0.14425382018089294,-0.19760100543498993,0,0.1178232952952385,-0.9831740260124207,0.13959355652332306,0,-0.2144131064414978,0.11206947267055511,0.9702929854393005,0,-0.14228099584579468,-0.053238000720739365,0.007379999849945307,1
B45,mixamorig_RightLeg,44,0.9987830519676208,0.03911012038588524,0.03005545400083065,0,-0.02792803943157196,0.9506601095199585,-0.3089748024940491,0,-0.04065654054284096,0.30775925517082214,0.950594961643219,0,0,0.45578300952911377,0,1
B46,mixamorig_RightFoot,45,0.9973580241203308,-0.03269415348768234,0.06487664580345154,0,-0.053177379071712494,0.27989718317985535,0.9585559964179993,0,-0.04949794337153435,-0.9594730138778687,0.27741900086402893,0,0,0.41253700852394104,0,1
B47,mixamorig_RightToeBase,46,0.99577397108078,-0.09174972772598267,0.00402419688180089,0,0.08167032152414322,0.9047190546989441,0.4181067943572998,0,-0.04200195148587227,-0.41601118445396423,0.9083889126777649,0,0,0.13629400730133057,0,1
B48,mixamorig_RightToe_End,47,1,0,0,0,0,1,0,0,0,0,1,0,0,0.05289199948310852,0,1
@40,0,1,2,3,4,5,7,8,9,10,11,12,13,15,16,17,19,20,21,23,24,25,26,27,28,29,31,32,33,35,36,37,39,40,41,42,44,45,46,47
K0,0.9832760095596313,-0.059997133910655975,-0.17195801436901093,0,0.05825486779212952,0.9981870055198669,-0.015165007673203945,0,0.17255599796772003,0.004893994424492121,0.9849879145622253,0,0.008384999819099903,0.9620869755744934,-0.018518999218940735,1,0.9992050528526306,0.037573859095573425,0.013348760083317757,0,-0.037508148699998856,0.9992830157279968,-0.005137885455042124,0,-0.013532240875065327,0.0046331146731972694,0.9998980760574341,0,0,0.09582900255918503,-0.004800000227987766,1,0.9991000294685364,0.011582343839108944,0.04079601541161537,0,-0.012744655832648277,0.999517023563385,0.028346793726086617,0,-0.040447987616062164,-0.028841208666563034,0.9987649917602539,0,0,0.11193999648094177,0,1,0.9991949796676636,0.004435849376022816,0.039866216480731964,0,-0.00239315046928823,0.9986890554428101,-0.05114130675792694,0,-0.04004078358411789,0.051004696637392044,0.9978950619697571,0,0,0.12793199717998505,0,1,0.9996509552001953,-0.016996273770928383,0.02023804560303688,0,0.017168723046779633,0.999817967414856,-0.008377734571695328,0,-0.020091954618692398,0.00872226431965828,0.9997599720954895,0,0,0.14392299950122833,0,1,0.9977390170097351,0.006990673951804638,0.06684999912977219,0,-0.005402326583862305,0.9996989965438843,-0.023911111056804657,0,-0.06699700653553009,0.023495890200138092,0.9974759817123413,0,0,0.07478299736976624,0.010432000271975994,1,0.3442493677139282,0.13109849393367767,-0.9296808242797852,0,0.8972427845001221,-0.33754315972328186,0.284639447927475,0,-0.2764914333820343,-0.932135820388794,-0.23382604122161865,0,0.0625229999423027,0.12108799815177917,-0.001057000015862286,1,0.9912070631980896,-0.13002564013004303,-0.024526318535208702,0,0.09058236330747604,0.5316848158836365,0.8420841097831726,0,-0.09645231813192368,-0.8369019031524658,0.5387881398200989,0,0,0.1349409967660904,0,1,0.8065091371536255,0.5907137989997864,0.0245142113417387,0,-0.591221034526825,0.8058748841285706,0.031974196434020996,0,-0.0008677885052748024,-0.04028080403804779,0.9991880059242249,0,0,0.34083500504493713,0,1,0.7463409304618835,0.5748451352119446,-0.3354521095752716,0,-0.5498080253601074,0.8165389895439148,0.1759990006685257,0,0.3750819265842438,0.053078994154930115,0.9254710674285889,0,0,0.2756190001964569,0,1,0.7044760584831238,0.010626224800944328,-0.7096479535102844,0,0.14480720460414886,0.9767019152641296,0.15837693214416504,0,0.6947979927062988,-0.21433506906032562,0.6865248680114746,0,-0.03249699994921684,0.04073600098490715,0.014705999754369259,1,0.927238941192627,-0.05161071941256523,0.3708952069282532,0,-0.005150724668055773,0.9886050224304199,0.1504429429769516,0,-0.3744337260723114,-0.1414070576429367,0.9164081811904907,0,-0.005158999934792519,0.043007999658584595,0,1,0.9424839615821838,0.2926352322101593,-0.16152191162109375,0,-0.28171980381011963,0.9555171132087708,0.08730417490005493,0,0.17988508939743042,-0.03677883744239807,0.9829999804496765,0,-0.000547999981790781,0.045205000787973404,0,1,0.9485530853271484,-0.31589987874031067,-0.02133866958320141,0,0.3121090829372406,0.9442489743232727,-0.104790598154068,0,0.05325233191251755,0.09273941069841385,0.9942650198936462,0,-0.027077000588178635,0.10098300129175186,-0.002584999892860651,1,0.9988570213317871,-0.04753397777676582,-0.00508402194827795,0,0.04697003215551376,0.9560530185699463,0.2894060015678406,0,-0.008896022103726864,-0.28931403160095215,0.9571930170059204,0,0.00017499999376013875,0.0438929982483387,0,1,0.9999939799308777,-0.0034368280321359634,0.00020678757573477924,0,0.0034151719883084297,0.9977350234985352,0.06718204915523529,0,-0.00043721243855543435,-0.06718095391988754,0.9977409243583679,0,-0.00008499999967170879,0.04496400058269501,0,1,0.9232761263847351,-0.38271191716194153,-0.03306179866194725,0,0.37851911783218384,0.8917309045791626,0.24806910753250122,0,-0.0654568001627922,-0.24155087769031525,0.9681779742240906,0,0.027077000588178635,0.10038899630308151,-0.0036410000175237656,1,0.9986100196838379,-0.0519811175763607,-0.008756321854889393,0,0.050251878798007965,0.8885830640792847,0.455954909324646,0,-0.015920322388410568,-0.4557610750198364,0.8899599313735962,0,0.000009000000318337698,0.047405000776052475,0,1,0.9996179938316345,-0.0273369662463665,-0.00406283512711525,0,0.02739703468978405,0.9608250856399536,0.275799036026001,0,-0.0036358351353555918,-0.2758049964904785,0.9612069725990295,0,0.000007999999979801942,0.04241200163960457,0,1,0.06788747012615204,0.013333769515156746,0.9976039528846741,0,-0.9058167338371277,-0.41830122470855713,0.0672321766614914,0,0.41819512844085693,-0.9082098007202148,-0.016319356858730316,0,-0.0625229999423027,0.12109600007534027,-0.0012309999438002706,1,0.9100678563117981,0.213195338845253,0.3554210662841797,0,-0.4122396409511566,0.5542601346969604,0.7230870723724365,0,-0.04283696413040161,-0.8045769929885864,0.5923019647598267,0,0,0.1349409967660904,0,1,0.8437871336936951,-0.5362997651100159,-0.020129254087805748,0,0.5366772413253784,0.8432338237762451,0.030564848333597183,0,0.0005817461642436683,-0.03659314662218094,0.9993299841880798,0,0,0.34085699915885925,0,1,0.8185868859291077,-0.38026610016822815,0.4304789900779724,0,0.2891589403152466,0.9203930497169495,0.2631778419017792,0,-0.496288001537323,-0.09095717966556549,0.8633800148963928,0,0,0.27545401453971863,0,1,0.8829761147499084,-0.001011270796880126,0.4694158136844635,0,-0.09417026489973068,0.9792870283126831,0.17924493551254272,0,-0.45987415313720703,-0.20247402787208557,0.8645918965339661,0,0.03318500146269798,0.040518999099731445,0.01432500034570694,1,0.9897159934043884,0.04412918537855148,0.1360672116279602,0,-0.024429813027381897,0.989395022392273,-0.14318381249904633,0,-0.14094278216362,0.13838717341423035,0.9802979826927185,0,0.006163000129163265,0.04299899935722351,0,1,0.8973881006240845,-0.4025428891181946,-0.18070514500141144,0,0.39750513434410095,0.9153009653091431,-0.06492093950510025,0,0.19153286516666412,-0.013571939431130886,0.9813920259475708,0,-0.0001900000061141327,0.04531899839639664,0,1,0.975629985332489,0.2193281650543213,-0.006459479685872793,0,-0.21523286402225494,0.9623090624809265,0.1662418097257614,0,0.042677514255046844,-0.16080017387866974,0.9860639572143555,0,0.02574099972844124,0.10085699707269669,-0.0016690000193193555,1,0.9975540041923523,0.06873191148042679,0.0127461738884449,0,-0.06711109727621078,0.8906220197677612,0.4497649073600769,0,0.019561175256967545,-0.4495200514793396,0.8930559754371643,0,-0.00041000000783242285,0.04564400017261505,0,1,0.9999520182609558,0.009717375040054321,-0.001591994077898562,0,-0.008793625980615616,0.9539940357208252,0.29969581961631775,0,0.004431006032973528,-0.29966720938682556,0.9540328979492188,0,0.00017600000137463212,0.04380900040268898,0,1,0.929650068283081,0.36706194281578064,0.031869906932115555,0,-0.3519950211048126,0.8592640161514282,0.37116777896881104,0,0.10885690897703171,-0.35627421736717224,0.9280189275741577,0,-0.02574099972844124,0.10269399732351303,-0.002216000109910965,1,0.9973459839820862,0.07053496688604355,0.018070509657263756,0,-0.0666780173778534,0.7850319147109985,0.6158570647239685,0,0.029253512620925903,-0.6154269576072693,0.787651002407074,0,-0.00015999999595806003,0.046236999332904816,0,1,0.9990789890289307,0.04131508618593216,0.0116172069683671,0,-0.041374918073415756,0.8552992343902588,0.5164795517921448,0,0.011402206495404243,-0.5164844989776611,0.8562207818031311,0,0.00013699999544769526,0.042066000401973724,0,1,-0.9975440502166748,-0.06524328887462616,0.02546776458621025,0,0.07001372426748276,-0.9384700655937195,0.3381880819797516,0,0.0018362344708293676,0.33914095163345337,0.9407340288162231,0,0.14228099584579468,-0.053238000720739365,0.006794999819248915,1,0.996882975101471,0.041089024394750595,-0.06735551357269287,0,-0.07670997083187103,0.30505096912384033,-0.9492409229278564,0,-0.01845651865005493,0.951448917388916,0.30725201964378357,0,0,0.4557810127735138,0,1,0.9835219979286194,-0.04323488846421242,-0.17554526031017303,0,0.18004612624645233,0.3222801983356476,0.9293648600578308,0,0.016393763944506645,-0.9456570148468018,0.32475394010543823,0,0,0.4115409851074219,0,1,0.9702539443969727,-0.006189198698848486,0.24200934171676636,0,-0.10360720008611679,0.8928802609443665,0.43821248412132263,0,-0.2187976837158203,-0.45025157928466797,0.8656798005104065,0,0,0.12541000545024872,0,1,-0.9696110486984253,-0.14425376057624817,-0.19760097563266754,0,0.11782324314117432,-0.9831740260124207,0.13959354162216187,0,-0.21441306173801422,0.11206946521997452,0.9702929854393005,0,-0.14228099584579468,-0.053238000720739365,0.007379999849945307,1,0.9987830519676208,0.03911004588007927,0.030055467039346695,0,-0.027927963063120842,0.9506601095199585,-0.3089747726917267,0,-0.04065652936697006,0.30775922536849976,0.950594961643219,0,0,0.45578300952911377,0,1,0.9973580241203308,-0.03269442915916443,0.06487676501274109,0,-0.053177427500486374,0.2798970639705658,0.9585559964179993,0,-0.04949823394417763,-0.9594730734825134,0.2774188220500946,0,0,0.41253700852394104,0,1,0.99577397108078,-0.09174968302249908,0.004024128895252943,0,0.08167031407356262,0.9047190546989441,0.4181067943572998,0,-0.042001873254776,-0.41601118445396423,0.9083889126777649,0,0,0.13629400730133057,0,1
K0.035,0.9886002540588379,-0.04200322553515434,-0.1445881426334381,0,0.04296507313847542,0.9990704655647278,0.003534905379638076,0,0.14430518448352814,-0.00970684364438057,0.9894853830337524,0,0.011477995663881302,0.964514970779419,-0.018460610881447792,1,0.9995315670967102,0.030191518366336823,0.0049635437317192554,0,-0.03013020195066929,0.9994738698005676,-0.011996345594525337,0,-0.005323124583810568,0.0118411835283041,0.9999161958694458,0,0,0.09582900255918503,-0.004800000227987766,1,0.9997758269309998,0.0031081195920705795,0.02094804309308529,0,-0.003585163038223982,0.9997344613075256,0.0227737408131361,0,-0.02087169513106346,-0.0228437352925539,0.9995213747024536,0,0,0.11193999648094177,0,1,0.9997768998146057,-0.005126980133354664,0.02051391266286373,0,0.006272330414503813,0.998401403427124,-0.05616416037082672,0,-0.020193172618746758,0.056280311197042465,0.9982110261917114,0,0,0.12793199717998505,0,1,0.9996547698974609,-0.012974077835679054,0.022853387519717216,0,0.012994256801903248,0.9999156594276428,-0.0007346047786995769,0,-0.02284192480146885,0.0010313136735931039,0.9997388124465942,0,0,0.14392299950122833,0,1,0.99711012840271,0.01536537054926157,0.07439439743757248,0,-0.014876465313136578,0.9998636245727539,-0.007121505215764046,0,-0.07449373602867126,0.00599420303478837,0.9972034692764282,0,0,0.07478299736976624,0.010432000271975994,1,0.3443332314491272,0.12786471843719482,-0.9300990700721741,0,0.8932382464408875,-0.3496439754962921,0.2826199233531952,0,-0.2890665829181671,-0.9281161427497864,-0.23460789024829865,0,0.0625229999423027,0.12108799815177917,-0.001057000015862286,1,0.9769244194030762,-0.20749324560165405,-0.050658322870731354,0,0.15017768740653992,0.4986444413661957,0.8536978363990784,0,-0.15187609195709229,-0.8416061997413635,0.5182989239692688,0,0,0.1349409967660904,0,1,0.842779815196991,0.5377856492996216,0.022551674395799637,0,-0.53824782371521,0.8422834277153015,0.029108991846442223,0,-0.0033405055291950703,-0.03667087480425835,0.9993218183517456,0,0,0.34083500504493713,0,1,0.7835339307785034,0.495431512594223,-0.37499547004699707,0,-0.38654541969299316,0.8611758351325989,0.33008986711502075,0,0.4864742159843445,-0.11368388682603836,0.866267740726471,0,0,0.2756190001964569,0,1,0.6988577246665955,-0.025769738480448723,-0.7147964239120483,0,0.13310134410858154,0.9865803718566895,0.09456536918878555,0,0.7027671337127686,-0.16122809052467346,0.6929092407226562,0,-0.03249699994921684,0.04073600098490715,0.014705999754369259,1,0.9642472267150879,0.02540847286581993,0.2637839615345001,0,-0.0759674459695816,0.9801198244094849,0.18328654766082764,0,-0.25388288497924805,-0.19677256047725677,0.9470080733299255,0,-0.005158999934792519,0.043007999658584595,0,1,0.879041850566864,0.4254347085952759,-0.21515396237373352,0,-0.4164493680000305,0.904904305934906,0.08785015344619751,0,0.2320682257413864,0.012376764789223671,0.9726206660270691,0,-0.000547999981790781,0.045205000787973404,0,1,0.9445896744728088,-0.32555675506591797,-0.04199526458978653,0,0.32373014092445374,0.9450831413269043,-0.04491044953465462,0,0.0543099083006382,0.028826812282204628,0.9981081485748291,0,-0.027077000588178635,0.10098300129175186,-0.002584999892860651,1,0.9988406300544739,-0.047860872000455856,-0.005192846991121769,0,0.04728134348988533,0.9549629092216492,0.2929360866546631,0,-0.009061193093657494,-0.2928418219089508,0.9561182260513306,0,0.00017499999376013875,0.0438929982483387,0,1,0.9999929666519165,-0.0037830269429832697,0.00018561756587587297,0,0.0037603620439767838,0.997478723526001,0.07086362689733505,0,-0.000453228538390249,-0.07086242735385895,0.9974858164787292,0,-0.00008499999967170879,0.04496400058269501,0,1,0.9152011275291443,-0.40111830830574036,-0.03886351361870766,0,0.3956933319568634,0.8761506676673889,0.275293231010437,0,-0.07637488096952438,-0.2673267424106598,0.9605741500854492,0,0.027077000588178635,0.10038899630308151,-0.0036410000175237656,1,0.9986110329627991,-0.051952067762613297,-0.008742162957787514,0,0.050225865095853806,0.888763964176178,0.4556056261062622,0,-0.015899932011961937,-0.4554118514060974,0.8901387453079224,0,0.000009000000318337698,0.047405000776052475,0,1,0.9996190667152405,-0.02731323055922985,-0.00405470747500658,0,0.027373075485229492,0.9609099626541138,0.2755044996738434,0,-0.003628707258030772,-0.27551037073135376,0.9612910151481628,0,0.000007999999979801942,0.04241200163960457,0,1,0.07418444007635117,0.013385974802076817,0.9971550107002258,0,-0.9051770567893982,-0.4187247157096863,0.07296264916658401,0,0.4185100197792053,-0.9080142974853516,-0.018946146592497826,0,-0.0625229999423027,0.12109600007534027,-0.0012309999438002706,1,0.9487460255622864,0.17514127492904663,0.2630709707736969,0,-0.3153017461299896,0.5813842415809631,0.7500519156455994,0,-0.021580282598733902,-0.7945551872253418,0.6068081259727478,0,0,0.1349409967660904,0,1,0.8351659774780273,-0.5496115684509277,-0.020620230585336685,0,0.54999840259552,0.8345785737037659,0.03132275119423866,0,-0.000006144900453364244,-0.037500765174627304,0.9992963671684265,0,0,0.34085699915885925,0,1,0.8197386860847473,-0.34863045811653137,0.4544070363044739,0,0.2637668251991272,0.9340483546257019,0.24079251289367676,0,-0.508385419845581,-0.0775294080376625,0.8576322197914124,0,0,0.27545401453971863,0,1,0.8850348591804504,-0.0029024998657405376,0.4655162990093231,0,-0.0886726826429367,0.9806208610534668,0.17469778656959534,0,-0.4570019841194153,-0.19589218497276306,0.8676260709762573,0,0.03318500146269798,0.040518999099731445,0.01432500034570694,1,0.9907706379890442,0.04732469469308853,0.12702107429504395,0,-0.029010899364948273,0.9893933534622192,-0.14233538508415222,0,-0.13240966200828552,0.1373366117477417,0.9816339612007141,0,0.006163000129163265,0.04299899935722351,0,1,0.8960492014884949,-0.40652716159820557,-0.1784137338399887,0,0.4012396037578583,0.913559079170227,-0.06645321846008301,0,0.19000665843486786,-0.012041312642395496,0.9817093014717102,0,-0.0001900000061141327,0.04531899839639664,0,1,0.9769924283027649,0.21313120424747467,-0.007774206809699535,0,-0.20875169336795807,0.9631112217903137,0.16982172429561615,0,0.04368176683783531,-0.16429178416728973,0.9854446053504944,0,0.02574099972844124,0.10085699707269669,-0.0016690000193193555,1,0.9975523352622986,0.06875340640544891,0.012758558616042137,0,-0.0671306774020195,0.8905012607574463,0.45000171661376953,0,0.0195776354521513,-0.4497566819190979,0.8929368853569031,0,-0.00041000000783242285,0.04564400017261505,0,1,0.9999510645866394,0.009742619469761848,-0.0015881593571975827,0,-0.008817687630653381,0.953914225101471,0.29994937777519226,0,0.004437264520674944,-0.2999209761619568,0.9539543986320496,0,0.00017600000137463212,0.04380900040268898,0,1,0.93419349193573,0.3557395339012146,0.027043217793107033,0,-0.3386348485946655,0.8603085279464722,0.3810451030731201,0,0.11228731274604797,-0.36512768268585205,0.9241605401039124,0,-0.02574099972844124,0.10269399732351303,-0.002216000109910965,1,0.9973440170288086,0.0705505907535553,0.018082397058606148,0,-0.0666903406381607,0.7848762273788452,0.616054117679596,0,0.029270514845848083,-0.6156233549118042,0.787496030330658,0,-0.00015999999595806003,0.046236999332904816,0,1,0.9990779757499695,0.041327234357595444,0.011625095270574093,0,-0.04138738289475441,0.8552067875862122,0.5166316628456116,0,0.0114090945571661,-0.516636312007904,0.856128454208374,0,0.00013699999544769526,0.042066000401973724,0,1,-0.9998804926872253,-0.015317017212510109,-0.0018221637001261115,0,0.012853993102908134,-0.8926884531974792,0.4504911005496979,0,-0.008526802994310856,0.4504137635231018,0.8927785158157349,0,0.14228099584579468,-0.053238000720739365,0.006794999819248915,1,0.9964295029640198,0.07683278620243073,-0.03500266373157501,0,-0.06500491499900818,0.43358683586120605,-0.89876389503479,0,-0.053877852857112885,0.8978303074836731,0.4370332956314087,0,0,0.4557810127735138,0,1,0.981728196144104,-0.07433337718248367,-0.17516686022281647,0,0.1895875781774521,0.3032781183719635,0.9338511824607849,0,-0.016292037442326546,-0.949998140335083,0.3118295967578888,0,0,0.4115409851074219,0,1,0.9695807099342346,-0.002903861226513982,0.2447556108236313,0,-0.10461314767599106,0.8990880250930786,0.42508411407470703,0,-0.22129115462303162,-0.4377578794956207,0.8714343905448914,0,0,0.12541000545024872,0,1,-0.9700585007667542,-0.12378954887390137,-0.20895326137542725,0,0.10834965854883194,-0.9905720353126526,0.08383192121982574,0,-0.21736088395118713,0.05868188291788101,0.9743258953094482,0,-0.14228099584579468,-0.053238000720739365,0.007379999849945307,1,0.9990917444229126,0.03215096518397331,0.02797679975628853,0,-0.021959366276860237,0.9509343504905701,-0.30861416459083557,0,-0.03652632609009743,0.307719349861145,0.950776219367981,0,0,0.45578300952911377,0,1,0.9933985471725464,-0.03925146162509918,0.10778996348381042,0,-0.09537310898303986,0.2395385056734085,0.9661915302276611,0,-0.06374423205852509,-0.9700927734375,0.23421348631381989,0,0,0.41253700852394104,0,1,0.9957299828529358,-0.09218975901603699,0.004777462221682072,0,0.08178957551717758,0.9050300121307373,0.4174090623855591,0,-0.042804595082998276,-0.41523605585098267,0.9087057709693909,0,0,0.13629400730133057,0,1
K0.069,0.9946109056472778,-0.023699942976236343,-0.10092736780643463,0,0.026178458705544472,0.9993854761123657,0.023303905501961708,0,0.10031309723854065,-0.025820454582571983,0.994620680809021,0,0.015469650737941265,0.9593043923377991,-0.017678875476121902,1,0.9997326731681824,0.022631000727415085,-0.00472587114199996,0,-0.0227223988622427,0.9995359778404236,-0.020276548340916634,0,0.004264801274985075,0.020378516986966133,0.9997833371162415,0,0,0.09582900255918503,-0.004800000227987766,1,0.9999994039535522,-0.0010889088734984398,-0.0006974799325689673,0,0.0011029860470443964,0.9997893571853638,0.020510833710432053,0,0.0006749983876943588,-0.020511584356427193,0.9997897744178772,0,0,0.11193999648094177,0,1,0.9999470710754395,-0.010298240929841995,-0.0007406305521726608,0,0.010237974114716053,0.9982650279998779,-0.05797911062836647,0,0.0013364285696297884,0.05796847119927406,0.9983177781105042,0,0,0.12793199717998505,0,1,0.9995725750923157,-0.01974514126777649,0.02155849151313305,0,0.01985136978328228,0.9997918009757996,-0.004724601283669472,0,-0.021460723131895065,0.005150549579411745,0.9997567534446716,0,0,0.14392299950122833,0,1,0.9968299269676208,0.016210822388529778,0.07789149880409241,0,-0.016422349959611893,0.999862551689148,0.0020759073086082935,0,-0.07784717530012131,-0.003348489524796605,0.9969595670700073,0,0,0.07478299736976624,0.010432000271975994,1,0.31927841901779175,0.12005472928285599,-0.9400254487991333,0,0.8893901705741882,-0.3804296553134918,0.25349390506744385,0,-0.327180415391922,-0.9169846177101135,-0.22823850810527802,0,0.0625229999423027,0.12108799815177917,-0.001057000015862286,1,0.9510068297386169,-0.2992670238018036,-0.07762071490287781,0,0.2229824960231781,0.49001747369766235,0.8427108526229858,0,-0.21416015923023224,-0.8187323212623596,0.5327415466308594,0,0,0.1349409967660904,0,1,0.8483725786209106,0.5289314985275269,0.022249413654208183,0,-0.5293862223625183,0.8478975892066956,0.02863047458231449,0,-0.0037216648925095797,-0.036067843437194824,0.9993420839309692,0,0,0.34083500504493713,0,1,0.7724295854568481,0.42030206322669983,-0.4761296808719635,0,-0.15505389869213104,0.8518063426017761,0.5003841519355774,0,0.6158823370933533,-0.3126855790615082,0.723129391670227,0,0,0.2756190001964569,0,1,0.6919702887535095,-0.06480617821216583,-0.7190109491348267,0,0.12106551229953766,0.9922756552696228,0.027076272293925285,0,0.7117022275924683,-0.1057833805680275,0.6944708824157715,0,-0.03249699994921684,0.04073600098490715,0.014705999754369259,1,0.9870221018791199,-0.053762853145599365,0.1513180136680603,0,0.011801835149526596,0.9640292525291443,0.2655353844165802,0,-0.16015082597732544,-0.2603032886981964,0.9521520733833313,0,-0.005158999934792519,0.043007999658584595,0,1,0.8414283394813538,0.4884287416934967,-0.23116227984428406,0,-0.4788472354412079,0.8721972107887268,0.09988901764154434,0,0.2504076659679413,0.026641959324479103,0.9677737951278687,0,-0.000547999981790781,0.045205000787973404,0,1,0.941888153553009,-0.32938843965530396,-0.0659463107585907,0,0.3288871943950653,0.9441856145858765,-0.018634192645549774,0,0.06840343028306961,-0.004137570969760418,0.9976486563682556,0,-0.027077000588178635,0.10098300129175186,-0.002584999892860651,1,0.9988288879394531,-0.048097334802150726,-0.005272146314382553,0,0.047506291419267654,0.9541654586791992,0.2954849898815155,0,-0.009181536734104156,-0.2953892946243286,0.9553326368331909,0,0.00017499999376013875,0.0438929982483387,0,1,0.9999918341636658,-0.004032368306070566,0.0001691109500825405,0,0.0040090205147862434,0.9972852468490601,0.07352213561534882,0,-0.0004651202470995486,-0.07352086901664734,0.9972934126853943,0,-0.00008499999967170879,0.04496400058269501,0,1,0.9100503921508789,-0.4123147428035736,-0.04247752204537392,0,0.407050758600235,0.8696590662002563,0.2792883515357971,0,-0.07821382582187653,-0.2714572548866272,0.9592675566673279,0,0.027077000588178635,0.10038899630308151,-0.0036410000175237656,1,0.9986135959625244,-0.05191405862569809,-0.00872354581952095,0,0.0501917265355587,0.8890013098716736,0.45514464378356934,0,-0.015873165801167488,-0.45495158433914185,0.8903747200965881,0,0.000009000000318337698,0.047405000776052475,0,1,0.9996194243431091,-0.027280639857053757,-0.004044138360768557,0,0.027340374886989594,0.9610269069671631,0.27509963512420654,0,-0.0036183688789606094,-0.2751055657863617,0.9614072442054749,0,0.000007999999979801942,0.04241200163960457,0,1,0.09197895228862762,0.012654989957809448,0.9956805109977722,0,-0.915676474571228,-0.39180848002433777,0.08956815302371979,0,0.39124971628189087,-0.9199599623680115,-0.02445022203028202,0,-0.0625229999423027,0.12109600007534027,-0.0012309999438002706,1,0.9763280153274536,0.12569347023963928,0.17602774500846863,0,-0.21622496843338013,0.5882312655448914,0.7792503237724304,0,-0.005598361138254404,-0.7988654375076294,0.6014847159385681,0,0,0.1349409967660904,0,1,0.830791175365448,-0.5561931133270264,-0.020869631320238113,0,0.5565844774246216,0.8301863670349121,0.03169818967580795,0,-0.0003046313941013068,-0.03795027732849121,0.9992796778678894,0,0,0.34085699915885925,0,1,0.8306804895401001,-0.3271431624889374,0.45049718022346497,0,0.24847626686096191,0.9419400691986084,0.22585013508796692,0,-0.498226523399353,-0.07567143440246582,0.8637382984161377,0,0,0.27545401453971863,0,1,0.8843720555305481,-0.017834041267633438,0.46644121408462524,0,-0.07754826545715332,0.9797694683074951,0.18449220061302185,0,-0.46029525995254517,-0.19933152198791504,0.8650980591773987,0,0.03318500146269798,0.040518999099731445,0.01432500034570694,1,0.9921383261680603,0.04935259371995926,0.11500313133001328,0,-0.03205292671918869,0.9885145425796509,-0.1476900428533554,0,-0.12097112089395523,0.14284272491931915,0.9823247790336609,0,0.006163000129163265,0.04299899935722351,0,1,0.8948510885238647,-0.4100360870361328,-0.17638644576072693,0,0.4045347571372986,0.9120064377784729,-0.06778962165117264,0,0.18866173923015594,-0.01069282554090023,0.9819836616516113,0,-0.0001900000061141327,0.04531899839639664,0,1,0.9781767725944519,0.20756201446056366,-0.00935631338506937,0,-0.20273473858833313,0.9633462429046631,0.1756766438484192,0,0.045477185398340225,-0.16994602978229523,0.9844033122062683,0,0.02574099972844124,0.10085699707269669,-0.0016690000193193555,1,0.9975626468658447,0.06861404329538345,0.01267930306494236,0,-0.06700406968593597,0.8912816643714905,0.44847261905670166,0,0.019470691680908203,-0.4482291340827942,0.8937067985534668,0,-0.00041000000783242285,0.04564400017261505,0,1,0.9999531507492065,0.009579389356076717,-0.001612130319699645,0,-0.008662325330078602,0.9544285535812378,0.2983146011829376,0,0.004396333359181881,-0.2982865869998932,0.9544664621353149,0,0.00017600000137463212,0.04380900040268898,0,1,0.9388190507888794,0.34373101592063904,0.021634269505739212,0,-0.32430657744407654,0.8611234426498413,0.39152640104293823,0,0.11594987660646439,-0.3745882213115692,0.9199124574661255,0,-0.02574099972844124,0.10269399732351303,-0.002216000109910965,1,0.9973430037498474,0.07056383043527603,0.018093006685376167,0,-0.0667012482881546,0.7847480177879333,0.616215705871582,0,0.02928408421576023,-0.6157851219177246,0.7873693704605103,0,-0.00015999999595806003,0.046236999332904816,0,1,0.9990779161453247,0.04133518785238266,0.011629982851445675,0,-0.04139535874128342,0.8551450371742249,0.5167343616485596,0,0.01141398400068283,-0.5167390704154968,0.8560671210289001,0,0.00013699999544769526,0.042066000401973724,0,1,-0.999824583530426,0.009667938575148582,-0.016034310683608055,0,-0.016633912920951843,-0.8517853617668152,0.5236262083053589,0,-0.008595408871769905,0.5238012671470642,0.8517969846725464,0,0.14228099584579468,-0.053238000720739365,0.006794999819248915,1,0.9964634776115417,0.0836479663848877,0.00792746152728796,0,-0.04435838386416435,0.6038484573364258,-0.7958636283874512,0,-0.07135941088199615,0.7926979660987854,0.6054238080978394,0,0,0.4557810127735138,0,1,0.9819661974906921,-0.07631468027830124,-0.17297014594078064,0,0.18851301074028015,0.3258778750896454,0.9264265894889832,0,-0.014332800172269344,-0.9423266649246216,0.33438733220100403,0,0,0.4115409851074219,0,1,0.9691034555435181,-0.000571912620216608,0.2466559261083603,0,-0.10529814660549164,0.9033365845680237,0.4158076345920563,0,-0.22305093705654144,-0.42893266677856445,0.875365674495697,0,0,0.12541000545024872,0,1,-0.9713899493217468,-0.09307067841291428,-0.21849270164966583,0,0.08627515286207199,-0.9954490661621094,0.04046038165688515,0,-0.22126421332359314,0.020452335476875305,0.9749996662139893,0,-0.14228099584579468,-0.053238000720739365,0.007379999849945307,1,0.9981155395507812,0.03588080033659935,0.049781281501054764,0,-0.017122983932495117,0.9418659806251526,-0.3355516195297241,0,-0.058927156031131744,0.33406686782836914,0.9407054781913757,0,0,0.45578300952911377,0,1,0.9867830872535706,-0.0526956208050251,0.1532386839389801,0,-0.14261560142040253,0.16658177971839905,0.9756596088409424,0,-0.07693975418806076,-0.9846186637878418,0.15686485171318054,0,0,0.41253700852394104,0,1,0.9955400228500366,-0.09400077909231186,0.00798874907195568,0,0.08221311122179031,0.9059891700744629,0.4152398705482483,0,-0.046270594000816345,-0.4127311706542969,0.9096766114234924,0,0,0.13629400730133057,0,1
