9.867,30,295,49
B0,mixamorig_Hips,-1,0.9998319745063782,-0.018151000142097473,0.0024059999268501997,0,0.018208999186754227,0.9994829893112183,-0.026506999507546425,0,-0.0019229999743402004,0.026545999571681023,0.999646008014679,0,-0.00472299987450242,0.9564710259437561,-0.006849000230431557,1
B1,mixamorig_Spine,0,0.9999979734420776,-0.00018600000475998968,0.0021929999347776175,0,0.0002589999930933118,0.9994500279426575,-0.03315399959683418,0,-0.0021860001143068075,0.03315399959683418,0.9994480013847351,0,0,0.09582900255918503,-0.004800000227987766,1
B2,mixamorig_Spine1,1,0.9990609884262085,-0.0003870000073220581,0.043313998728990555,0,-0.00038300000596791506,0.9998419880867004,0.017753999680280685,0,-0.043313998728990555,-0.017753999680280685,0.9989039897918701,0,0,0.11193999648094177,0,1
B3,mixamorig_Spine2,2,0.9990620017051697,0.00037299998803064227,0.04330199956893921,0,-0.00113800005055964,0.9998440146446228,0.017632000148296356,0,-0.04328899830579758,-0.01766500063240528,0.9989060163497925,0,0,0.12793199717998505,0,1
B4,mixamorig_Neck,3,0.9995719790458679,-0.024879999458789825,-0.01541099976748228,0,0.02490900084376335,0.9996880292892456,0.0016690000193193555,0,0.015363999642431736,-0.0020520000252872705,0.9998800158500671,0,0,0.14392299950122833,0,1
B5,mixamorig_Head,4,0.9975690245628357,0.06154999881982803,0.032680999487638474,0,-0.06441199779510498,0.9933639764785767,0.09528599679470062,0,-0.026599999517202377,-0.09715999662876129,0.9949129819869995,0,0,0.07478299736976624,0.010432000271975994,1
B6,mixamorig_HeadTop_End,5,1,0,0,0,0,1,0,0,0,0,1,0,0,0.2778579890727997,0.03876199945807457,1
B7,mixamorig_LeftShoulder,3,-0.14468300342559814,-0.006839000154286623,-0.9894539713859558,0,0.9342659711837769,-0.3303059935569763,-0.13433000445365906,0,-0.3259040117263794,-0.9438490271568298,0.05417900159955025,0,0.0625229999423027,0.12108799815177917,-0.001057000015862286,1
B8,mixamorig_LeftArm,7,0.9210429787635803,0.33963900804519653,-0.19059400260448456,0,-0.05488299950957298,0.5976830124855042,0.7998520135879517,0,0.3855760097503662,-0.7262369990348816,0.5691310167312622,0,0,0.1349409967660904,0,1
B9,mixamorig_LeftForeArm,8,0.8724949955940247,0.4881739914417267,0.020944999530911446,0,-0.4885930120944977,0.8721110224723816,0.026424000039696693,0,-0.005367000121623278,-0.03328799828886986,0.9994310140609741,0,0,0.34083500504493713,0,1
B10,mixamorig_LeftHand,9,0.9906740188598633,0.012395000085234642,-0.135684996843338,0,0.022755000740289688,0.9668149948120117,0.2544640004634857,0,0.13433599472045898,-0.2551789879798889,0.9575160145759583,0,0,0.2756190001964569,0,1
B11,mixamorig_LeftHandThumb1,10,0.9987589716911316,-0.0478070005774498,0.013938999734818935,0,0.04259100183844566,0.9651089906692505,0.25836101174354553,0,-0.025803999975323677,-0.2574459910392761,0.9659479856491089,0,-0.03249699994921684,0.04073600098490715,0.014705999754369259,1
B12,mixamorig_LeftHandThumb2,11,0.9847530126571655,-0.16739599406719208,-0.04732599854469299,0,0.16952799260616302,0.984483003616333,0.04531800001859665,0,0.03900599852204323,-0.052650000900030136,0.9978510141372681,0,-0.005158999934792519,0.043007999658584595,0,1
B13,mixamorig_LeftHandThumb3,12,0.9930999875068665,0.11635299772024155,0.01463400013744831,0,-0.11562500149011612,0.9923440217971802,-0.04340900108218193,0,-0.019572999328374863,0.04141699895262718,0.9989500045776367,0,-0.000547999981790781,0.045205000787973404,0,1
B14,mixamorig_LeftHandThumb4,13,1,0,0,0,0,1,0,0,0,0,1,0,0.0057069999165833,0.035927001386880875,0,1
B15,mixamorig_LeftHandIndex1,10,0.9617829918861389,-0.2734619975090027,-0.013849999755620956,0,0.26274898648262024,0.9075070023536682,0.32771098613739014,0,-0.07704800367355347,-0.31882598996162415,0.9446759819984436,0,-0.027077000588178635,0.10098300129175186,-0.002584999892860651,1
B16,mixamorig_LeftHandIndex2,15,0.9971609711647034,-0.07190100103616714,-0.02236800082027912,0,0.0715389996767044,0.8118799924850464,0.5794240236282349,0,-0.023500999435782433,-0.5793790221214294,0.814719021320343,0,0.00017499999376013875,0.0438929982483387,0,1
B17,mixamorig_LeftHandIndex3,16,0.9993900060653687,-0.03440900146961212,-0.006010999903082848,0,0.034637000411748886,0.953944981098175,0.29797399044036865,0,-0.004519000183790922,-0.2980000078678131,0.9545549750328064,0,-0.00008499999967170879,0.04496400058269501,0,1
B18,mixamorig_LeftHandIndex4,17,1,0,0,0,0,1,0,0,0,0,1,0,-0.00009000000136438757,0.03275499865412712,0,1
B19,mixamorig_LeftHandMiddle1,10,0.956242024898529,-0.29106101393699646,-0.02976199984550476,0,0.27546900510787964,0.8613749742507935,0.4267910122871399,0,-0.09858500212430954,-0.4163140058517456,0.9038599729537964,0,0.027077000588178635,0.10038899630308151,-0.0036410000175237656,1
B20,mixamorig_LeftHandMiddle2,19,0.9990929961204529,-0.0416640006005764,-0.008833000436425209,0,0.0416640006005764,0.9131050109863281,0.4055910110473633,0,-0.008833000436425209,-0.4055910110473633,0.9140120148658752,0,0.000009000000318337698,0.047405000776052475,0,1
B21,mixamorig_LeftHandMiddle3,20,0.9996479749679565,-0.026326000690460205,-0.0034310000482946634,0,0.026326000690460205,0.9662439823150635,0.25627899169921875,0,-0.0034310000482946634,-0.25627899169921875,0.9665970206260681,0,0.000007999999979801942,0.04241200163960457,0,1
B22,mixamorig_LeftHandMiddle4,21,1,0,0,0,0,1,0,0,0,0,1,0,-0.00001700000029813964,0.028410999104380608,0,1
B23,mixamorig_RightShoulder,3,0.026582999154925346,-0.015890000388026237,0.9995200037956238,0,-0.9630540013313293,-0.2684609889984131,0.021345000714063644,0,0.2679930031299591,-0.96315997838974,-0.022438999265432358,0,-0.0625229999423027,0.12109600007534027,-0.0012309999438002706,1
B24,mixamorig_RightArm,23,0.9174990057945251,-0.37951600551605225,0.11900600045919418,0,0.11349199712276459,0.5365779995918274,0.836184024810791,0,-0.38120201230049133,-0.7536919713020325,0.5353819727897644,0,0,0.1349409967660904,0,1
B25,mixamorig_RightForeArm,24,0.8906130194664001,-0.45442700386047363,-0.017462000250816345,0,0.4547469913959503,0.8902440071105957,0.025899000465869904,0,0.0037769998889416456,-0.03100699931383133,0.9995120167732239,0,0,0.34085699915885925,0,1
B26,mixamorig_RightHand,25,0.9997069835662842,0.013155999593436718,0.020340999588370323,0,-0.01381599996238947,0.9993699789047241,0.03268500044941902,0,-0.019897999241948128,-0.03295699879527092,0.9992589950561523,0,0,0.27545401453971863,0,1
B27,mixamorig_RightHandThumb1,26,0.9294750094413757,0.22338199615478516,0.2935590147972107,0,-0.3139120042324066,0.8969339728355408,0.311396986246109,0,-0.1937430053949356,-0.38158801198005676,0.9038000106811523,0,0.03318500146269798,0.040518999099731445,0.01432500034570694,1
B28,mixamorig_RightHandThumb2,27,0.9882699847221375,-0.1331699937582016,0.07474999874830246,0,0.12981100380420685,0.9903690218925476,0.04814999923110008,0,-0.08044199645519257,-0.037882000207901,0.9960389733314514,0,0.006163000129163265,0.04299899935722351,0,1
B29,mixamorig_RightHandThumb3,28,0.9845179915428162,-0.17520999908447266,-0.005078999791294336,0,0.17450399696826935,0.9824540019035339,-0.06582099944353104,0,0.0165219996124506,0.06391599774360657,0.9978179931640625,0,-0.0001900000061141327,0.04531899839639664,0,1
B30,mixamorig_RightHandThumb4,29,1,0,0,0,0,1,0,0,0,0,1,0,-0.005973000079393387,0.03574800118803978,0,1
B31,mixamorig_RightHandIndex1,26,0.9475209712982178,0.3188680112361908,0.022964000701904297,0,-0.31797900795936584,0.9325780272483826,0.17084500193595886,0,0.03306199982762337,-0.1691810041666031,0.9850299954414368,0,0.02574099972844124,0.10085699707269669,-0.0016690000193193555,1
B32,mixamorig_RightHandIndex2,31,0.9961090087890625,0.08352400362491608,0.028113000094890594,0,-0.08283299952745438,0.7784280180931091,0.6222450137138367,0,0.030087999999523163,-0.6221529841423035,0.7823169827461243,0,-0.00041000000783242285,0.04564400017261505,0,1
B33,mixamorig_RightHandIndex3,32,0.9998400211334229,0.01779099926352501,0.0017659999430179596,0,-0.017862999811768532,0.9900239706039429,0.13976100087165833,0,0.0007379999733529985,-0.1397700011730194,0.9901840090751648,0,0.00017600000137463212,0.04380900040268898,0,1
B34,mixamorig_RightHandIndex4,33,1,0,0,0,0,1,0,0,0,0,1,0,0.00023499999952036887,0.031293999403715134,0,1
B35,mixamorig_RightHandMiddle1,26,0.9345269799232483,0.3513689935207367,0.05655699968338013,0,-0.3498620092868805,0.8778870105743408,0.32697299122810364,0,0.06523799896240234,-0.3253520131111145,0.943340003490448,0,-0.02574099972844124,0.10269399732351303,-0.002216000109910965,1
B36,mixamorig_RightHandMiddle2,35,0.9983090162277222,0.0563570000231266,0.014276999980211258,0,-0.05615000054240227,0.870976984500885,0.48810499906539917,0,0.015073000453412533,-0.4880810081958771,0.8726680278778076,0,-0.00015999999595806003,0.046236999332904816,0,1
B37,mixamorig_RightHandMiddle3,36,0.9995830059051514,0.009800000116229057,-0.027173999696969986,0,-0.007215999998152256,0.9955829977989197,0.09360300004482269,0,0.02797199971973896,-0.09336800128221512,0.9952390193939209,0,0.00013699999544769526,0.042066000401973724,0,1
B38,mixamorig_RightHandMiddle4,37,1,0,0,0,0,1,0,0,0,0,1,0,0.000024000000848900527,0.029069000855088234,0,1
B39,mixamorig_LeftUpLeg,0,-0.9938910007476807,-0.07461000233888626,0.08133299648761749,0,0.0867689996957779,-0.9836180210113525,0.15801000595092773,0,0.06821099668741226,0.1641020029783249,0.9840819835662842,0,0.14228099584579468,-0.053238000720739365,0.006794999819248915,1
B40,mixamorig_LeftLeg,39,0.9879339933395386,0.018515000119805336,0.15376199781894684,0,0.058090001344680786,0.8760430216789246,-0.4787220060825348,0,-0.14356499910354614,0.48187801241874695,0.8643969893455505,0,0,0.4557810127735138,0,1
B41,mixamorig_LeftFoot,40,0.9841989874839783,-0.0742259994149208,-0.16076000034809113,0,0.17152899503707886,0.17433899641036987,0.969631016254425,0,-0.043946001678705215,-0.9818840026855469,0.1843159943819046,0,0,0.4115409851074219,0,1
B42,mixamorig_LeftToeBase,41,0.9693639874458313,-0.0018479999853298068,0.245620995759964,0,-0.10492700338363647,0.9010279774665833,0.420879989862442,0,-0.2220889925956726,-0.4337579905986786,0.87322998046875,0,0,0.12541000545024872,0,1
B43,mixamorig_LeftToe_End,42,1,0,0,0,0,1,0,0,0,0,1,0,0,0.054076001048088074,0,1
B44,mixamorig_RightUpLeg,0,-0.9626060128211975,0.10653000324964523,-0.24908100068569183,0,-0.14541399478912354,-0.9789400100708008,0.14328500628471375,0,-0.22857199609279633,0.17414699494838715,0.9578250050544739,0,-0.14228099584579468,-0.053238000720739365,0.007379999849945307,1
B45,mixamorig_RightLeg,44,0.99726802110672,0.017083000391721725,-0.07185900211334229,0,-0.0457179993391037,0.9068869948387146,-0.4188860058784485,0,0.05801299959421158,0.4210270047187805,0.9051910042762756,0,0,0.45578300952911377,0,1
B46,mixamorig_RightFoot,45,0.9829580187797546,0.14329999685287476,0.11514899879693985,0,-0.14403299987316132,0.2111240029335022,0.9667890071868896,0,0.11422999948263168,-0.9668980240821838,0.22816599905490875,0,0,0.41253700852394104,0,1
B47,mixamorig_RightToeBase,46,0.9957699775695801,-0.09187900274991989,0,0,0.08521799743175507,0.9235749840736389,0.3738270103931427,0,-0.03434700146317482,-0.37224501371383667,0.927498996257782,0,0,0.13629400730133057,0,1
B48,mixamorig_RightToe_End,47,1,0,0,0,0,1,0,0,0,0,1,0,0,0.05289199948310852,0,1
@40,0,1,2,3,4,5,7,8,9,10,11,12,13,15,16,17,19,20,21,23,24,25,26,27,28,29,31,32,33,35,36,37,39,40,41,42,44,45,46,47
K0,0.9998319149017334,-0.018151279538869858,0.00240568770095706,0,0.01820872165262699,0.999483048915863,-0.02650681883096695,0,-0.0019233120838180184,0.026546180248260498,0.9996459484100342,0,-0.00472299987450242,0.9564710259437561,-0.006849000230431557,1,0.9999979138374329,-0.00018619470938574523,0.0021931896917521954,0,0.00025880528846755624,0.9994500279426575,-0.033153750002384186,0,-0.0021858103573322296,0.03315424919128418,0.9994480013847351,0,0,0.09582900255918503,-0.004800000227987766,1,0.9990609884262085,-0.0003867091436404735,0.04331396520137787,0,-0.00038270914228633046,0.9998419880867004,0.01775403879582882,0,-0.04331403225660324,-0.01775396056473255,0.9989039897918701,0,0,0.11193999648094177,0,1,0.9990619421005249,0.00037324041477404535,0.043302178382873535,0,-0.0011377595365047455,0.9998440146446228,0.01763213984668255,0,-0.04328881949186325,-0.01766485907137394,0.9989060163497925,0,0,0.12793199717998505,0,1,0.9995720386505127,-0.024880191311240196,-0.01541066449135542,0,0.02490880899131298,0.9996880292892456,0.0016689264448359609,0,0.015364334918558598,-0.002052073599770665,0.9998799562454224,0,0,0.14392299950122833,0,1,0.9975690245628357,0.06154989078640938,0.03268137574195862,0,-0.06441210955381393,0.9933639168739319,0.0952863022685051,0,-0.026599625125527382,-0.09715968370437622,0.9949130415916443,0,0,0.07478299736976624,0.010432000271975994,1,-0.14468295872211456,-0.006839042995125055,-0.989453911781311,0,0.9342659711837769,-0.330305814743042,-0.13433009386062622,0,-0.3259039521217346,-0.9438489675521851,0.05417921021580696,0,0.0625229999423027,0.12108799815177917,-0.001057000015862286,1,0.921042799949646,0.339639276266098,-0.19059428572654724,0,-0.05488273873925209,0.5976829528808594,0.7998521327972412,0,0.3855757415294647,-0.7262369394302368,0.5691313147544861,0,0,0.1349409967660904,0,1,0.8724950551986694,0.48817378282546997,0.020945018157362938,0,-0.488593190908432,0.8721109628677368,0.026423782110214233,0,-0.00536698242649436,-0.03328821808099747,0.9994310140609741,0,0,0.34083500504493713,0,1,0.9906740188598633,0.012395246885716915,-0.1356848031282425,0,0.022755246609449387,0.9668149352073669,0.254464328289032,0,0.1343361884355545,-0.25517866015434265,0.957516074180603,0,0,0.2756190001964569,0,1,0.9987589716911316,-0.04780722036957741,0.013938912190496922,0,0.042590778321027756,0.96510910987854,0.2583606243133545,0,-0.025804083794355392,-0.25744640827178955,0.9659478664398193,0,-0.03249699994921684,0.04073600098490715,0.014705999754369259,1,0.9847530126571655,-0.16739597916603088,-0.04732619598507881,0,0.16952800750732422,0.984483003616333,0.04531791806221008,0,0.03900580480694771,-0.0526500828564167,0.9978510737419128,0,-0.005158999934792519,0.043007999658584595,0,1,0.9930999875068665,0.1163531020283699,0.01463414542376995,0,-0.11562488228082657,0.992344081401825,-0.043408799916505814,0,-0.019572852179408073,0.041417196393013,0.9989499449729919,0,-0.000547999981790781,0.045205000787973404,0,1,0.9617829322814941,-0.27346205711364746,-0.01384976040571928,0,0.26274892687797546,0.9075070023536682,0.32771116495132446,0,-0.07704777270555496,-0.3188258409500122,0.9446760416030884,0,-0.027077000588178635,0.10098300129175186,-0.002584999892860651,1,0.9971609115600586,-0.07190116494894028,-0.022368067875504494,0,0.07153882831335068,0.8118801116943359,0.5794239044189453,0,-0.023501068353652954,-0.579379141330719,0.8147189021110535,0,0.00017499999376013875,0.0438929982483387,0,1,0.9993900060653687,-0.03440924361348152,-0.006010943092405796,0,0.034636761993169785,0.9539450407028198,0.29797378182411194,0,-0.004518943373113871,-0.2980002164840698,0.9545549154281616,0,-0.00008499999967170879,0.04496400058269501,0,1,0.9562420845031738,-0.29106104373931885,-0.029762495309114456,0,0.27546897530555725,0.8613747954368591,0.4267911911010742,0,-0.09858549386262894,-0.4163137972354889,0.9038600325584412,0,0.027077000588178635,0.10038899630308151,-0.0036410000175237656,1,0.9990929961204529,-0.0416639968752861,-0.008833044208586216,0,0.0416639968752861,0.9131049513816833,0.40559107065200806,0,-0.008833044208586216,-0.4055909216403961,0.9140120148658752,0,0.000009000000318337698,0.047405000776052475,0,1,0.9996479749679565,-0.0263260118663311,-0.0034313148353248835,0,0.02632599137723446,0.9662439823150635,0.256278932094574,0,-0.0034313148353248835,-0.2562790811061859,0.9665970206260681,0,0.000007999999979801942,0.04241200163960457,0,1,0.02658272348344326,-0.015890022739768028,0.9995200634002686,0,-0.9630540609359741,-0.2684608995914459,0.021345023065805435,0,0.2679930627346039,-0.9631600379943848,-0.02243942953646183,0,-0.0625229999423027,0.12109600007534027,-0.0012309999438002706,1,0.9174989461898804,-0.379516065120697,0.11900635808706284,0,0.1134919747710228,0.5365779995918274,0.836184024810791,0,-0.38120168447494507,-0.7536921501159668,0.535382091999054,0,0,0.1349409967660904,0,1,0.8906130194664001,-0.45442721247673035,-0.017462411895394325,0,0.454746812582016,0.8902441263198853,0.025899024680256844,0,0.003776588011533022,-0.03100697696208954,0.9995120167732239,0,0,0.34085699915885925,0,1,0.999707043170929,0.013155695982277393,0.020340904593467712,0,-0.01381630264222622,0.9993699789047241,0.03268526867032051,0,-0.019898096099495888,-0.03295673057436943,0.9992590546607971,0,0,0.27545401453971863,0,1,0.9294748306274414,0.22338242828845978,0.29355931282043457,0,-0.3139115571975708,0.8969340324401855,0.3113973140716553,0,-0.19374273717403412,-0.3815877437591553,0.9038001894950867,0,0.03318500146269798,0.040518999099731445,0.01432500034570694,1,0.9882699847221375,-0.13317005336284637,0.07474987953901291,0,0.12981095910072327,0.9903689622879028,0.04815007373690605,0,-0.08044211566448212,-0.03788192570209503,0.9960389733314514,0,0.006163000129163265,0.04299899935722351,0,1,0.9845179319381714,-0.1752104014158249,-0.005078783258795738,0,0.17450354993343353,0.9824540615081787,-0.06582116335630417,0,0.01652221567928791,0.06391581892967224,0.9978179931640625,0,-0.0001900000061141327,0.04531899839639664,0,1,0.9475211501121521,0.31886765360832214,0.02296358160674572,0,-0.3179793655872345,0.9325779676437378,0.17084495723247528,0,0.03306157886981964,-0.16918104887008667,0.9850299954414368,0,0.02574099972844124,0.10085699707269669,-0.0016690000193193555,1,0.9961090087890625,0.08352397382259369,0.02811325527727604,0,-0.08283301442861557,0.7784277200698853,0.6222453117370605,0,0.030088255181908607,-0.6221527457237244,0.7823172211647034,0,-0.00041000000783242285,0.04564400017261505,0,1,0.9998400211334229,0.0177909005433321,0.0017660448793321848,0,-0.01786309853196144,0.9900239706039429,0.1397608369588852,0,0.0007380449096672237,-0.13977010548114777,0.99018394947052,0,0.00017600000137463212,0.04380900040268898,0,1,0.9345268607139587,0.35136929154396057,0.05655677989125252,0,-0.3498617112636566,0.8778872489929199,0.32697293162345886,0,0.06523778289556503,-0.3253520727157593,0.943340003490448,0,-0.02574099972844124,0.10269399732351303,-0.002216000109910965,1,0.9983090758323669,0.05635733902454376,0.014277189038693905,0,-0.05614966154098511,0.870976984500885,0.48810505867004395,0,0.015073188580572605,-0.4880810081958771,0.8726680278778076,0,-0.00015999999595806003,0.046236999332904816,0,1,0.9995830059051514,0.009799939580261707,-0.02717435546219349,0,-0.007216060068458319,0.9955829381942749,0.09360302984714508,0,0.027971642091870308,-0.09336794912815094,0.9952390193939209,0,0.00013699999544769526,0.042066000401973724,0,1,-0.9938909411430359,-0.07460989058017731,0.08133278042078018,0,0.08676911145448685,-0.9836179614067078,0.15801014006137848,0,0.06821120530366898,0.16410186886787415,0.9840819835662842,0,0.14228099584579468,-0.053238000720739365,0.006794999819248915,1,0.9879340529441833,0.01851503923535347,0.15376164019107819,0,0.05809003859758377,0.8760429620742798,-0.47872209548950195,0,-0.1435653418302536,0.481877863407135,0.8643970489501953,0,0,0.4557810127735138,0,1,0.984199047088623,-0.07422654330730438,-0.16075965762138367,0,0.17152845859527588,0.17433901131153107,0.969631016254425,0,-0.04394565522670746,-0.9818839430809021,0.18431609869003296,0,0,0.4115409851074219,0,1,0.9693639874458313,-0.0018476862460374832,0.24562101066112518,0,-0.1049266904592514,0.9010279178619385,0.4208800196647644,0,-0.2220889925956726,-0.4337579905986786,0.8732299208641052,0,0,0.12541000545024872,0,1,-0.9626059532165527,0.10653013736009598,-0.2490813285112381,0,-0.1454138606786728,-0.9789400696754456,0.14328502118587494,0,-0.22857168316841125,0.17414700984954834,0.9578251838684082,0,-0.14228099584579468,-0.053238000720739365,0.007379999849945307,1,0.9972679615020752,0.017082924023270607,-0.07185939699411392,0,-0.04571807384490967,0.9068869948387146,-0.4188859164714813,0,0.05801260098814964,0.4210270941257477,0.9051910042762756,0,0,0.45578300952911377,0,1,0.9829581379890442,0.14329971373081207,0.1151488795876503,0,-0.1440332680940628,0.2111240178346634,0.9667889475822449,0,0.11422987282276154,-0.9668980240821838,0.22816593945026398,0,0,0.41253700852394104,0,1,0.9957699775695801,-0.09187920391559601,0,0,0.08521780371665955,0.9235751628875732,0.3738265335559845,0,-0.03434695303440094,-0.3722454905509949,0.9274988174438477,0,0,0.13629400730133057,0,1
K0.033,0.999799907207489,-0.01982857659459114,0.002729310654103756,0,0.01989486813545227,0.9994398355484009,-0.026899617165327072,0,-0.002194399945437908,0.02694852463901043,0.9996339678764343,0,-0.002986305393278599,0.956048846244812,-0.007199397776275873,1,0.9999979734420776,-0.00038897822378203273,0.0019299086416140199,0,0.00045149039942771196,0.9994720816612244,-0.032497186213731766,0,-0.0019162488169968128,0.032497987151145935,0.999470055103302,0,0,0.09582900255918503,-0.004800000227987766,1,0.9990770816802979,-0.0006363590946421027,0.042956337332725525,0,-0.00017955724615603685,0.9998199343681335,0.018987560644745827,0,-0.04296068102121353,-0.018977748230099678,0.9988969564437866,0,0,0.11193999648094177,0,1,0.9990770816802979,0.00014842679956927896,0.042947251349687576,0,-0.0009599277982488275,0.9998209476470947,0.018875285983085632,0,-0.0429367870092392,-0.0188991017639637,0.998898983001709,0,0,0.12793199717998505,0,1,0.999599039554596,-0.02400835044682026,-0.015042866580188274,0,0.02404448762536049,0.9997080564498901,0.002227319171652198,0,0.01498499233275652,-0.0025881228502839804,0.9998840093612671,0,0,0.14392299950122833,0,1,0.997509777545929,0.06233968213200569,0.03297222778201103,0,-0.06520550698041916,0.993387758731842,0.09449323266744614,0,-0.02686353586614132,-0.09640790522098541,0.9949790239334106,0,0,0.07478299736976624,0.010432000271975994,1,-0.1422111839056015,-0.006684346590191126,-0.9898135662078857,0,0.9349133372306824,-0.329372763633728,-0.13209913671016693,0,-0.32513466477394104,-0.9441758990287781,0.05308982729911804,0,0.0625229999423027,0.12108799815177917,-0.001057000015862286,1,0.9202784299850464,0.34200477600097656,-0.19005422294139862,0,-0.05630554258823395,0.5964484214782715,0.8006739616394043,0,0.3871917724609375,-0.726141631603241,0.5681552886962891,0,0,0.1349409967660904,0,1,0.8726826906204224,0.4878377616405487,0.020934635773301125,0,-0.4882572591304779,0.8722999095916748,0.02640613168478012,0,-0.0053793760016560555,-0.03326568007469177,0.9994320273399353,0,0,0.34083500504493713,0,1,0.9905383586883545,0.012630281038582325,-0.1366514414548874,0,0.02286657877266407,0.9666458368301392,0.2550959587097168,0,0.13531549274921417,-0.255807101726532,0.9572110176086426,0,0,0.2756190001964569,0,1,0.9987539649009705,-0.0479293167591095,0.013927813619375229,0,0.04271561652421951,0.965144157409668,0.2582104802131653,0,-0.025818178430199623,-0.25729358196258545,0.965988039970398,0,-0.03249699994921684,0.04073600098490715,0.014705999754369259,1,0.9847881197929382,-0.16723549365997314,-0.04716658964753151,0,0.16935627162456512,0.9845151305198669,0.045247290283441544,0,0.03886930271983147,-0.05254700034856796,0.9978620409965515,0,-0.005158999934792519,0.043007999658584595,0,1,0.9930970072746277,0.1163783073425293,0.014639543369412422,0,-0.11565027385950089,0.992341935634613,-0.043384745717048645,0,-0.019576475024223328,0.041392192244529724,0.9989510178565979,0,-0.000547999981790781,0.045205000787973404,0,1,0.9616886973381042,-0.2737911343574524,-0.01390921138226986,0,0.2629328966140747,0.9068106412887573,0.32948780059814453,0,-0.07759778946638107,-0.3205217719078064,0.9440579414367676,0,-0.027077000588178635,0.10098300129175186,-0.002584999892860651,1,0.9971880316734314,-0.07159706950187683,-0.02214304357767105,0,0.07123905420303345,0.8138440251350403,0.5766996741294861,0,-0.02326902374625206,-0.5766554474830627,0.8166559934616089,0,0.00017499999376013875,0.0438929982483387,0,1,0.9993960857391357,-0.03423241153359413,-0.005950746592134237,0,0.03445747122168541,0.95444256067276,0.2963980734348297,0,-0.004466773010790348,-0.2964240312576294,0.9550454616546631,0,-0.00008499999967170879,0.04496400058269501,0,1,0.9562931656837463,-0.29090240597724915,-0.02964186854660511,0,0.2750720679759979,0.8605749607086182,0.42865777015686035,0,-0.09918846189975739,-0.41807591915130615,0.9029805660247803,0,0.027077000588178635,0.10038899630308151,-0.0036410000175237656,1,0.9991020560264587,-0.04145033657550812,-0.008738446049392223,0,0.04145033657550812,0.9140348434448242,0.4035114645957947,0,-0.008738446049392223,-0.40351158380508423,0.9149327874183655,0,0.000009000000318337698,0.047405000776052475,0,1,0.9996510148048401,-0.026210647076368332,-0.003400864778086543,0,0.026210632175207138,0.9665429592132568,0.2551614046096802,0,-0.003400864778086543,-0.2551615834236145,0.9668929576873779,0,0.000007999999979801942,0.04241200163960457,0,1,0.03073849342763424,-0.016735272482037544,0.9993877410888672,0,-0.9621966481208801,-0.2712003290653229,0.025053206831216812,0,0.2706150412559509,-0.9623777866363525,-0.024438923224806786,0,-0.0625229999423027,0.12109600007534027,-0.0012309999438002706,1,0.9169391989707947,-0.38075020909309387,0.11937910318374634,0,0.11461640894412994,0.5378865599632263,0.8351889848709106,0,-0.38221102952957153,-0.752135157585144,0.5368497371673584,0,0,0.1349409967660904,0,1,0.8901362419128418,-0.45535844564437866,-0.017489053308963776,0,0.45567891001701355,0.8897659778594971,0.025951476767659187,0,0.0037439391016960144,-0.031069736927747726,0.9995100498199463,0,0,0.34085699915885925,0,1,0.9997222423553467,0.01236906461417675,0.02004588395357132,0,-0.012997542507946491,0.9994181394577026,0.031530894339084625,0,-0.01964421384036541,-0.03178268298506737,0.9993013143539429,0,0,0.27545401453971863,0,1,0.9293195009231567,0.2239764928817749,0.2935973107814789,0,-0.31405192613601685,0.8976092338562012,0.30930522084236145,0,-0.194258451461792,-0.3796478807926178,0.9045054316520691,0,0.03318500146269798,0.040518999099731445,0.01432500034570694,1,0.9881937503814697,-0.13418784737586975,0.07393477112054825,0,0.13086356222629547,0.9902316331863403,0.048130303621292114,0,-0.07967106997966766,-0.03788670152425766,0.9961012005805969,0,0.006163000129163265,0.04299899935722351,0,1,0.9845150113105774,-0.17522406578063965,-0.005100450478494167,0,0.17451715469360352,0.9824569821357727,-0.06574799865484238,0,0.016531601548194885,0.06383976340293884,0.9978230595588684,0,-0.0001900000061141327,0.04531899839639664,0,1,0.947783887386322,0.31809327006340027,0.02286755107343197,0,-0.317169725894928,0.9326838850975037,0.17176774144172668,0,0.033309947699308395,-0.17005150020122528,0.9848718047142029,0,0.02574099972844124,0.10085699707269669,-0.0016690000193193555,1,0.9961119890213013,0.08349737524986267,0.028090089559555054,0,-0.08280706405639648,0.7786230444908142,0.6220035552978516,0,0.03006407804787159,-0.6219114065170288,0.7825101017951965,0,-0.00041000000783242285,0.04564400017261505,0,1,0.9998420476913452,0.01768837496638298,0.0017456848872825503,0,-0.017759408801794052,0.9901527762413025,0.13886170089244843,0,0.0007277427357621491,-0.13887067139148712,0.9903097748756409,0,0.00017600000137463212,0.04380900040268898,0,1,0.9348655939102173,0.3504805266857147,0.05648528411984444,0,-0.3487952649593353,0.8771915435791016,0.32996538281440735,0,0.06609799712896347,-0.3281749188899994,0.9423016905784607,0,-0.02574099972844124,0.10269399732351303,-0.002216000109910965,1,0.9983159899711609,0.05623992905020714,0.014207795262336731,0,-0.05603337287902832,0.8716332316398621,0.48694536089897156,0,0.015001795254647732,-0.48692166805267334,0.8733170628547668,0,-0.00015999999595806003,0.046236999332904816,0,1,0.9995750784873962,0.009631359949707985,-0.02750379405915737,0,-0.007060499396175146,0.9957264065742493,0.09208547323942184,0,0.028273167088627815,-0.09185216575860977,0.9953714609146118,0,0.00013699999544769526,0.042066000401973724,0,1,-0.9937946796417236,-0.07480467110872269,0.0823138877749443,0,0.08732069283723831,-0.9831138849258423,0.16081520915031433,0,0.06889422237873077,0.16700506210327148,0.9835456013679504,0,0.14228099584579468,-0.053238000720739365,0.006794999819248915,1,0.9880796670913696,0.01821138896048069,0.15286007523536682,0,0.05884110927581787,0.872898519039154,-0.48434093594551086,0,-0.1422518789768219,0.4875619411468506,0.8614217638969421,0,0,0.4557810127735138,0,1,0.9844819903373718,-0.07173081487417221,-0.1601543128490448,0,0.17033687233924866,0.17118968069553375,0.9704015254974365,0,-0.04219093918800354,-0.9826231002807617,0.18075157701969147,0,0,0.4115409851074219,0,1,0.9693489670753479,-0.001774236443452537,0.2456813007593155,0,-0.10494834184646606,0.901161253452301,0.42058733105659485,0,-0.22214482724666595,-0.4334799647331238,0.8733540177345276,0,0,0.12541000545024872,0,1,-0.9621687531471252,0.10632890462875366,-0.2508479952812195,0,-0.1456025391817093,-0.9788722991943359,0.1435602307319641,0,-0.23028349876403809,0.17465323209762573,0.9573217630386353,0,-0.14228099584579468,-0.053238000720739365,0.007379999849945307,1,0.9972769618034363,0.01592390611767769,-0.0720091238617897,0,-0.04475683718919754,0.9067246317863464,-0.4193408489227295,0,0.05861491337418556,0.4214218854904175,0.9049683809280396,0,0,0.45578300952911377,0,1,0.9823970198631287,0.14509610831737518,0.11765547096729279,0,-0.14698426425457,0.21169306337833405,0.966219961643219,0,0.11528794467449188,-0.9665054678916931,0.22929354012012482,0,0,0.41253700852394104,0,1,0.9957699775695801,-0.09187920391559601,0,0,0.08521778881549835,0.9235749244689941,0.37382712960243225,0,-0.03434697166085243,-0.3722458779811859,0.9274979829788208,0,0,0.13629400730133057,0,1
K0.067,0.9997678995132446,-0.021364986896514893,0.0028565076645463705,0,0.021435212343931198,0.9993957281112671,-0.02736237272620201,0,-0.002270184922963381,0.027417253702878952,0.9996218681335449,0,-0.0013069267151877284,0.9557236433029175,-0.007312492933124304,1,0.9999979734420776,-0.0006109183887019753,0.0016613970510661602,0,0.0006636627949774265,0.9994901418685913,-0.03193366900086403,0,-0.0016410421812906861,0.03193472698330879,0.9994890689849854,0,0,0.09582900255918503,-0.004800000227987766,1,0.9990952014923096,-0.0009218009072355926,0.04251275956630707,0,0.00006849297642474994,0.9997989535331726,0.020068908110260963,0,-0.042522694915533066,-0.020047830417752266,0.9988940358161926,0,0,0.11193999648094177,0,1,0.999096155166626,-0.00011424127296777442,0.04250685125589371,0,-0.0007352384855039418,0.999799907207489,0.019968366250395775,0,-0.04250066354870796,-0.019981587305665016,0.9988970756530762,0,0,0.12793199717998505,0,1,0.9996210336685181,-0.023243343457579613,-0.014738557860255241,0,0.023292841389775276,0.9997239112854004,0.00319480593316257,0,0.014660222455859184,-0.0035368960816413164,0.9998859167098999,0,0,0.14392299950122833,0,1,0.9974526166915894,0.0630907341837883,0.03327099606394768,0,-0.06598266959190369,0.9933354258537292,0.0945064052939415,0,-0.02708677388727665,-0.09646095335483551,0.9949676990509033,0,0,0.07478299736976624,0.010432000271975994,1,-0.1411130577325821,-0.006622512824833393,-0.9899712204933167,0,0.9352675676345825,-0.32876095175743103,-0.13111622631549835,0,-0.3245956301689148,-0.9443901777267456,0.052586354315280914,0,0.0625229999423027,0.12108799815177917,-0.001057000015862286,1,0.9200586676597595,0.3428340256214142,-0.189621701836586,0,-0.0570300929248333,0.5960426926612854,0.8009247779846191,0,0.387607216835022,-0.7260842323303223,0.5679466128349304,0,0,0.1349409967660904,0,1,0.8729349970817566,0.4873873293399811,0.020920850336551666,0,-0.4878063499927521,0.8725530505180359,0.026382241398096085,0,-0.005396184045821428,-0.03323531523346901,0.9994329810142517,0,0,0.34083500504493713,0,1,0.9903526902198792,0.01278126984834671,-0.1379796862602234,0,0.023107843473553658,0.9665618538856506,0.2553912401199341,0,0.1366300880908966,-0.25611570477485657,0.9569414854049683,0,0,0.2756190001964569,0,1,0.9987469911575317,-0.04806368798017502,0.013911587186157703,0,0.04285318776965141,0.965173065662384,0.25807857513427734,0,-0.025831321254372597,-0.2571592628955841,0.9660242199897766,0,-0.03249699994921684,0.04073600098490715,0.014705999754369259,1,0.984826385974884,-0.16706041991710663,-0.04698935151100159,0,0.16916866600513458,0.9845523238182068,0.04516002908349037,0,0.03871900588274002,-0.05242390185594559,0.9978741407394409,0,-0.005158999934792519,0.043007999658584595,0,1,0.9930868148803711,0.11646779626607895,0.014640606008470058,0,-0.11573975533246994,0.9923318028450012,-0.0433773435652256,0,-0.01958039216697216,0.04138294607400894,0.9989510178565979,0,-0.000547999981790781,0.045205000787973404,0,1,0.9615805745124817,-0.27416542172431946,-0.013986621052026749,0,0.2631671130657196,0.9061086177825928,0.3312245309352875,0,-0.07813692837953568,-0.32218000292778015,0.9434480667114258,0,-0.027077000588178635,0.10098300129175186,-0.002584999892860651,1,0.9972120523452759,-0.07131922990083694,-0.0219382643699646,0,0.07096506655216217,0.8156312108039856,0.5742037892341614,0,-0.023058250546455383,-0.5741599798202515,0.8184186220169067,0,0.00017499999376013875,0.0438929982483387,0,1,0.9994020462036133,-0.03406914323568344,-0.005895163398236036,0,0.03429185226559639,0.9548993706703186,0.2949436902999878,0,-0.004419190809130669,-0.2949694097042084,0.9554964303970337,0,-0.00008499999967170879,0.04496400058269501,0,1,0.9563273191452026,-0.2908022403717041,-0.02954421378672123,0,0.2747141122817993,0.859661340713501,0.4307144284248352,0,-0.09985466301441193,-0.4200199246406555,0.9020045399665833,0,0.027077000588178635,0.10038899630308151,-0.0036410000175237656,1,0.9991110563278198,-0.04125439375638962,-0.008652303367853165,0,0.04125440493226051,0.9148816466331482,0.4016091525554657,0,-0.008652308955788612,-0.4016091823577881,0.9157705903053284,0,0.000009000000318337698,0.047405000776052475,0,1,0.9996539950370789,-0.026104683056473732,-0.003372935811057687,0,0.02610466443002224,0.9668178558349609,0.25412875413894653,0,-0.0033729360438883305,-0.25412890315055847,0.9671648740768433,0,0.000007999999979801942,0.04241200163960457,0,1,0.03322414308786392,-0.01721971482038498,0.9992996454238892,0,-0.9617475867271423,-0.27257412672042847,0.027278665453195572,0,0.27191367745399475,-0.9619808197021484,-0.02561703324317932,0,-0.0625229999423027,0.12109600007534027,-0.0012309999438002706,1,0.9164404273033142,-0.38189515471458435,0.11955484747886658,0,0.11513835936784744,0.5377633571624756,0.8351962566375732,0,-0.3832497298717499,-0.7516425251960754,0.5367990136146545,0,0,0.1349409967660904,0,1,0.889879584312439,-0.45585981011390686,-0.017504174262285233,0,0.4561803936958313,0.8895077705383301,0.025980109348893166,0,0.0037268127780407667,-0.031104223802685738,0.9995089769363403,0,0,0.34085699915885925,0,1,0.9997835755348206,0.011475852690637112,0.017373954877257347,0,-0.012004042975604534,0.9994592666625977,0.03060886077582836,0,-0.017013294622302055,-0.03081078827381134,0.9993805289268494,0,0,0.27545401453971863,0,1,0.9291650056838989,0.22445586323738098,0.29372090101242065,0,-0.3142693042755127,0.8980056047439575,0.3079298138618469,0,-0.19464634358882904,-0.3784250319004059,0.9049348831176758,0,0.03318500146269798,0.040518999099731445,0.01432500034570694,1,0.9881346225738525,-0.13496141135692596,0.07331409305334091,0,0.13166292011737823,0.9901260137557983,0.04812337085604668,0,-0.07908500730991364,-0.03789962828159332,0.9961473941802979,0,0.006163000129163265,0.04299899935722351,0,1,0.984510600566864,-0.175252765417099,-0.0051102484576404095,0,0.1745455265045166,0.9824535846710205,-0.06571262329816818,0,0.01653689332306385,0.06380276381969452,0.997825026512146,0,-0.0001900000061141327,0.04531899839639664,0,1,0.9477679133415222,0.31813186407089233,0.02299209125339985,0,-0.3171604871749878,0.9323150515556335,0.17377310991287231,0,0.033846884965896606,-0.17198875546455383,0.9845171570777893,0,0.02574099972844124,0.10085699707269669,-0.0016690000193193555,1,0.9961211681365967,0.08341243863105774,0.028016261756420135,0,-0.08272429555654526,0.779245138168335,0.6212350130081177,0,0.029987193644046783,-0.6211430430412292,0.7831228971481323,0,-0.00041000000783242285,0.04564400017261505,0,1,0.9998450875282288,0.017508409917354584,0.0017103553982451558,0,-0.01757744513452053,0.9903771281242371,0.13727664947509766,0,0.0007095990586094558,-0.13728539645671844,0.9905310869216919,0,0.00017600000137463212,0.04380900040268898,0,1,0.9350354671478271,0.3500508964061737,0.05632986128330231,0,-0.34833094477653503,0.8773193359375,0.33011558651924133,0,0.06613794714212418,-0.32829105854034424,0.9422577619552612,0,-0.02574099972844124,0.10269399732351303,-0.002216000109910965,1,0.998312771320343,0.0562887042760849,0.014237109571695328,0,-0.0560818612575531,0.8713585138320923,0.4874299168586731,0,0.01503119058907032,-0.48740649223327637,0.8730460405349731,0,-0.00015999999595806003,0.046236999332904816,0,1,0.9995812773704529,0.009436090476810932,-0.027353249490261078,0,-0.006918825674802065,0.9958534240722656,0.09070346504449844,0,0.028095712885260582,-0.09047623723745346,0.9955017566680908,0,0.00013699999544769526,0.042066000401973724,0,1,-0.9937078952789307,-0.07501466572284698,0.08317316323518753,0,0.08780717849731445,-0.9827587604522705,0.1627131700515747,0,0.06953326612710953,0.1689925342798233,0.9831616878509521,0,0.14228099584579468,-0.053238000720739365,0.006794999819248915,1,0.9882563948631287,0.017418179661035538,0.15180754661560059,0,0.05974799394607544,0.870337963104248,-0.488816499710083,0,-0.1406382918357849,0.49214667081832886,0.8590770959854126,0,0,0.4557810127735138,0,1,0.984798789024353,-0.06919759511947632,-0.15931905806064606,0,0.1689438670873642,0.16846854984760284,0.971121072769165,0,-0.040358997881412506,-0.9832750558853149,0.17759816348552704,0,0,0.4115409851074219,0,1,0.9693441390991211,-0.0017504999414086342,0.2457006424665451,0,-0.10495498031377792,0.9012052416801453,0.42049160599708557,0,-0.22216276824474335,-0.4333885908126831,0.8733943104743958,0,0,0.12541000545024872,0,1,-0.9617701768875122,0.10631004720926285,-0.25237902998924255,0,-0.14574630558490753,-0.9789235591888428,0.14305877685546875,0,-0.23185135424137115,0.1743730902671814,0.9569944739341736,0,-0.14228099584579468,-0.053238000720739365,0.007379999849945307,1,0.9972593784332275,0.014700735919177532,-0.07251469045877457,0,-0.043836869299411774,0.9069227576255798,-0.4190087914466858,0,0.05960550159215927,0.4210394024848938,0.9050819277763367,0,0,0.45578300952911377,0,1,0.9818170666694641,0.14698533713817596,0.12012358754873276,0,-0.1499355286359787,0.2123735398054123,0.9656177163124084,0,0.11642052233219147,-0.9660704135894775,0.23055022954940796,0,0,0.41253700852394104,0,1,0.9957699775695801,-0.09187919646501541,0,0,0.08521779626607895,0.9235750436782837,0.3738269507884979,0,-0.03434697911143303,-0.37224602699279785,0.9274989366531372,0,0,0.13629400730133057,0,1
