1.533,30,46,49
B0,mixamorig_Hips,-1,0.992845892906189,-0.022174527868628502,-0.11732567846775055,0,0.027954112738370895,0.9984634518623352,0.047846898436546326,0,0.11608443409204483,-0.050784338265657425,0.9919403195381165,0,0.006116768810898066,0.8203223943710327,-0.005802094005048275,1
B1,mixamorig_Spine,0,0.9998661279678345,-0.00036182752228341997,0.016367217525839806,0,0.00038311496609821916,0.9999992251396179,-0.0012974957935512066,0,-0.016366727650165558,0.0013035921147093177,0.9998650550842285,0,0,0.11548200249671936,0.00025599999935366213,1
B2,mixamorig_Spine1,1,0.9989696741104126,0.02862663008272648,0.035215824842453,0,-0.028386585414409637,0.9995702505111694,-0.007297579199075699,0,-0.035409603267908096,0.006290404126048088,0.9993531107902527,0,0,0.13472899794578552,0,1
B3,mixamorig_Spine2,2,0.9989696741104126,0.02862663008272648,0.035215824842453,0,-0.028386585414409637,0.9995702505111694,-0.007297579199075699,0,-0.035409603267908096,0.006290404126048088,0.9993531107902527,0,0,0.15397599339485168,0,1
B4,mixamorig_Neck,3,0.9996698498725891,-0.024920927360653877,-0.006258691661059856,0,0.024691738188266754,0.9991047978401184,-0.03435738384723663,0,0.007109303493052721,0.03419148921966553,0.9993897676467896,0,0,0.17322300374507904,0,1
B5,mixamorig_Head,4,0.9993029236793518,0.033697258681058884,0.016057563945651054,0,-0.03436248376965523,0.9984786510467529,0.04312833398580551,0,-0.01457982324063778,-0.04365003481507301,0.9989401698112488,0,0,0.05115300044417381,0.016683999449014664,1
B6,mixamorig_HeadTop_End,5,1,0,0,0,0,1,0,0,0,0,1,0,0,0.31849199533462524,0.10388000309467316,1
B7,mixamorig_LeftShoulder,3,0.2840293049812317,0.00439723115414381,-0.9588056802749634,0,0.843326985836029,-0.476946622133255,0.2476334422826767,0,-0.4562099874019623,-0.878921389579773,-0.13917507231235504,0,0.06398800015449524,0.15844500064849854,-0.0003209999995306134,1
B8,mixamorig_LeftArm,7,0.988883376121521,0.046943988651037216,0.14109019935131073,0,-0.1170421913266182,0.8309826850891113,0.5438466668128967,0,-0.09171315282583237,-0.5543142557144165,0.8272390365600586,0,0,0.13116200268268585,0,1
B9,mixamorig_LeftForeArm,8,0.696161150932312,0.6896849870681763,-0.1992359161376953,0,-0.6461827754974365,0.7229166626930237,0.2446218729019165,0,0.3127428889274597,-0.04155341163277626,0.948928713798523,0,0,0.3452889919281006,0,1
B10,mixamorig_LeftHand,9,0.8923035860061646,0.3871668875217438,-0.2321559339761734,0,-0.4273851811885834,0.8901154398918152,-0.15823045372962952,0,0.14538392424583435,0.24040952324867249,0.9597222208976746,0,0,0.2639949917793274,0,1
B11,mixamorig_LeftHandThumb1,10,0.9997119903564453,0.019656693562865257,-0.013761544600129128,0,-0.010723830200731754,0.8790591359138489,0.47659289836883545,0,0.021465454250574112,-0.476308137178421,0.8790169358253479,0,-0.035530999302864075,0.04332699999213219,0.01424499973654747,1
B12,mixamorig_LeftHandThumb2,11,0.9997220039367676,0.004662876483052969,0.023122938349843025,0,-0.004500647075474262,0.9999650716781616,-0.007063016295433044,0,-0.02315506339073181,0.006956984288990498,0.9997080564498901,0,-0.006643999833613634,0.04577299952507019,0,1
B13,mixamorig_LeftHandThumb3,12,0.977042019367218,0.20987798273563385,0.036615028977394104,0,-0.2097429782152176,0.977728009223938,-0.007535106036812067,0,-0.037380967289209366,-0.0003176306199748069,0.999301016330719,0,-0.0004349999944679439,0.04705600067973137,0,1
B14,mixamorig_LeftHandThumb4,13,1,0,0,0,0,1,0,0,0,0,1,0,0.007079000119119883,0.034487999975681305,0,1
B15,mixamorig_LeftHandIndex1,10,0.9878262877464294,-0.15304595232009888,-0.02786032110452652,0,0.1408807337284088,0.8041911721229553,0.577433705329895,0,-0.06596888601779938,-0.5743293166160583,0.8159626126289368,0,-0.027233000844717026,0.10874100029468536,-0.006023999769240618,1
B16,mixamorig_LeftHandIndex2,15,0.9904769659042358,0.10063248872756958,0.09395766258239746,0,-0.11492962390184402,0.2286061942577362,0.9667112827301025,0,0.07580327242612839,-0.9683040976524353,0.23799490928649902,0,-0.0004529999860096723,0.046957001090049744,0,1
B17,mixamorig_LeftHandIndex3,16,0.9989860653877258,0.04485281556844711,0.0038890414871275425,0,-0.044852666556835175,0.9989939332008362,-0.00013004480570089072,0,-0.003890958847478032,-0.000044520893425215036,0.9999920129776001,0,-0.0005000000237487257,0.04326599836349487,0,1
B18,mixamorig_LeftHandIndex4,17,1,0,0,0,0,1,0,0,0,0,1,0,0.0009529999806545675,0.029955999925732613,0,1
B19,mixamorig_LeftHandMiddle1,10,0.9933227300643921,-0.08930569142103195,0.07304082810878754,0,-0.008155894465744495,0.5771552324295044,0.8165937066078186,0,-0.11508238315582275,-0.8117368817329407,0.5725730657577515,0,0.027233000844717026,0.11088600009679794,-0.00814799964427948,1
B20,mixamorig_LeftHandMiddle2,19,0.9751819372177124,0.14770948886871338,0.16492819786071777,0,-0.1471371054649353,-0.1242656260728836,0.9812794923782349,0,0.16543914377689362,-0.9811927676200867,-0.09944801777601242,0,-0.0004090000002179295,0.046144999563694,0,1
B21,mixamorig_LeftHandMiddle3,20,0.999642014503479,0.026710012927651405,0.0015133162960410118,0,-0.026709986850619316,0.9996430277824402,-0.0000339544567395933,0,-0.0015136837027966976,-0.000006478362138295779,0.9999989867210388,0,-0.00016999999934341758,0.043689001351594925,0,1
B22,mixamorig_LeftHandMiddle4,21,1,0,0,0,0,1,0,0,0,0,1,0,0.0005789999850094318,0.027104999870061874,0,1
B23,mixamorig_RightShoulder,3,0.09325523674488068,-0.027891777455806732,0.9952517747879028,0,-0.8372548818588257,-0.543144941329956,0.06322930753231049,0,0.5388023257255554,-0.8391756415367126,-0.07400355488061905,0,-0.06398800015449524,0.1584469974040985,0.0003870000073220581,1
B24,mixamorig_RightArm,23,0.8793553709983826,0.4373636543750763,0.18827207386493683,0,-0.44134798645973206,0.6002258062362671,0.6670387387275696,0,0.17873282730579376,-0.6696579456329346,0.7208417654037476,0,0,0.13116200268268585,0,1
B25,mixamorig_RightForeArm,24,0.8452133536338806,-0.4348427355289459,0.31068655848503113,0,0.40418869256973267,0.9004477262496948,0.16070039570331573,0,-0.3496365249156952,-0.010250131599605083,0.9368293285369873,0,0,0.34526100754737854,0,1
B26,mixamorig_RightHand,25,0.9497220516204834,-0.1703667789697647,0.2626841068267822,0,0.14072513580322266,0.9817475080490112,0.1279384344816208,0,-0.27968594431877136,-0.08453971892595291,0.9563623070716858,0,0,0.26407599449157715,0,1
B27,mixamorig_RightHandThumb1,26,0.9926517605781555,-0.11603350192308426,-0.03433927893638611,0,0.1208718866109848,0.9373125433921814,0.32685691118240356,0,-0.005739711690694094,-0.3286055326461792,0.9444495439529419,0,0.034550998359918594,0.043115999549627304,0.013887999579310417,1
B28,mixamorig_RightHandThumb2,27,0.9196406006813049,0.15097522735595703,0.3625836670398712,0,-0.2339663952589035,0.9520795345306396,0.1969878077507019,0,-0.31546834111213684,-0.2659905254840851,0.9108946323394775,0,0.006328999996185303,0.045134998857975006,0,1
B29,mixamorig_RightHandThumb3,28,0.9656810164451599,-0.2566480040550232,-0.039892103523015976,0,0.25648897886276245,0.9665040373802185,-0.009144864045083523,0,0.040902893990278244,-0.001400863635353744,0.9991620182991028,0,0.0016339999856427312,0.04668999835848808,0,1
B30,mixamorig_RightHandThumb4,29,1,0,0,0,0,1,0,0,0,0,1,0,-0.007962999865412712,0.034922998398542404,0,1
B31,mixamorig_RightHandIndex1,26,0.9742281436920166,0.22545768320560455,0.006890919059514999,0,-0.18949750065803528,0.8015050888061523,0.5671690702438354,0,0.12234951555728912,-0.5538578629493713,0.82357257604599,0,0.03078800067305565,0.11586099863052368,-0.007275999989360571,1
B32,mixamorig_RightHandIndex2,31,0.9887923002243042,-0.0943252369761467,-0.11572258919477463,0,0.14537759125232697,0.4319329857826233,0.8901121020317078,0,-0.03397563472390175,-0.8969597220420837,0.4408048987388611,0,0.0002770000137388706,0.045444998890161514,0,1
B33,mixamorig_RightHandIndex3,32,0.9998700618743896,-0.016015011817216873,-0.0019679125398397446,0,0.016014989465475082,0.9998719692230225,-0.00002675978612387553,0,0.001968087861314416,-0.000004759787316288566,0.9999979734420776,0,0.00011999999696854502,0.04074399918317795,0,1
B34,mixamorig_RightHandIndex4,33,1,0,0,0,0,1,0,0,0,0,1,0,-0.0003969999961555004,0.02952600084245205,0,1
B35,mixamorig_RightHandMiddle1,26,0.9866061806678772,0.16280987858772278,0.010017011314630508,0,-0.1263323873281479,0.7238231301307678,0.6783219575881958,0,0.10318699479103088,-0.6705021858215332,0.7346966862678528,0,-0.03078800067305565,0.12643200159072876,-0.00775500014424324,1
B36,mixamorig_RightHandMiddle2,35,0.9657553434371948,-0.1726924479007721,-0.19363319873809814,0,0.2420521229505539,0.33097270131111145,0.9120680093765259,0,-0.09341996163129807,-0.9277039170265198,0.36143922805786133,0,0.0005319999763742089,0.04125300049781799,0,1
B37,mixamorig_RightHandMiddle3,36,0.9998769760131836,-0.015560014173388481,-0.0018168578390032053,0,0.015559987165033817,0.9998790621757507,-0.000032399089832324535,0,0.001817141892388463,0.000004124817223782884,0.9999979734420776,0,-0.000056000000768108293,0.0401649996638298,0,1
B38,mixamorig_RightHandMiddle4,37,1,0,0,0,0,1,0,0,0,0,1,0,-0.00047500000800937414,0.02774900011718273,0,1
B39,mixamorig_LeftUpLeg,0,-0.9795353412628174,-0.12101840227842331,0.16082562506198883,0,0.12382432818412781,-0.9922758936882019,0.0075029307045042515,0,0.1586754471063614,0.027263518422842026,0.9869546890258789,0,0.10186699777841568,-0.06425800174474716,0.006632000207901001,1
B40,mixamorig_LeftLeg,39,0.995520293712616,-0.009930422529578209,-0.0940232202410698,0,-0.08254740387201309,0.39356860518455505,-0.9155815243721008,0,0.04609672725200653,0.9192418456077576,0.39098602533340454,0,0,0.39703500270843506,0,1
B41,mixamorig_LeftFoot,40,0.958267867565155,0.2239505499601364,0.1776781678199768,0,-0.28433486819267273,0.6822733879089355,0.6735405921936035,0,0.02961469627916813,-0.6959523558616638,0.7174775004386902,0,0,0.3259910047054291,0,1
B42,mixamorig_LeftToeBase,41,0.9297900199890137,-0.10106118768453598,0.3539455235004425,0,-0.17550279200077057,0.7235214710235596,0.6676186919212341,0,-0.3235577344894409,-0.6828640103340149,0.6549869179725647,0,0,0.15030300617218018,0,1
B43,mixamorig_LeftToe_End,42,1,0,0,0,0,1,0,0,0,0,1,0,0,0.058788999915122986,0,1
B44,mixamorig_RightUpLeg,0,-0.9933261871337891,-0.07385792583227158,-0.08858435600996017,0,0.008344670757651329,-0.8120707273483276,0.5834989547729492,0,-0.11503283679485321,0.5788659453392029,0.8072678446769714,0,-0.10186699777841568,-0.06425800174474716,0.006587999872863293,1
B45,mixamorig_RightLeg,44,0.9995948672294617,-0.013556716963648796,0.025025539100170135,0,0.02640007808804512,0.770179808139801,-0.6372798681259155,0,-0.01063474453985691,0.6376825571060181,0.770226001739502,0,0,0.39934301376342773,0,1
B46,mixamorig_RightFoot,45,0.9800463318824768,-0.062119677662849426,-0.1888122856616974,0,0.1935417652130127,0.5146381258964539,0.8352779150009155,0,0.04528282582759857,-0.8551543951034546,0.5163921117782593,0,0,0.3274509906768799,0,1
B47,mixamorig_RightToeBase,46,0.9442378282546997,0.03516703471541405,-0.3273811638355255,0,0.20223096013069153,0.7227035164833069,0.6609099507331848,0,0.2598416209220886,-0.6902624368667603,0.6752918362617493,0,0,0.151636004447937,0,1
B48,mixamorig_RightToe_End,47,1,0,0,0,0,1,0,0,0,0,1,0,0,0.05863500013947487,0,1
@40,0,1,2,3,4,5,7,8,9,10,11,12,13,15,16,17,19,20,21,23,24,25,26,27,28,29,31,32,33,35,36,37,39,40,41,42,44,45,46,47
K0,0.9988340139389038,-0.013292355462908745,-0.04641042277216911,0,0.01409964356571436,0.999754011631012,0.017110785469412804,0,0.04617157205939293,-0.017745209857821465,0.9987760186195374,0,-0.00039999998989515007,0.8643720149993896,-0.008360999636352062,1,0.9999430179595947,-0.008077037520706654,-0.006920344661921263,0,0.008115963079035282,0.9999510049819946,0.005615076050162315,0,0.006874655373394489,-0.005670923739671707,0.9999600052833557,0,0,0.11548200249671936,0.00025599999935366213,1,0.9998890161514282,0.008726884610950947,-0.012045088224112988,0,-0.008645116351544857,0.9999390244483948,0.006823942996561527,0,0.01210391242057085,-0.006719057448208332,0.9999039769172668,0,0,0.13472899794578552,0,1,0.9998890161514282,0.008726884610950947,-0.012045088224112988,0,-0.008645116351544857,0.9999390244483948,0.006823942996561527,0,0.01210391242057085,-0.006719057448208332,0.9999039769172668,0,0,0.15397599339485168,0,1,0.9997460246086121,-0.021065186709165573,0.008004777133464813,0,0.021082811057567596,0.9997749924659729,-0.0021248874254524708,0,-0.007958222180604935,0.0022931131534278393,0.9999660849571228,0,0,0.17322300374507904,0,1,0.9980499744415283,0.030730120837688446,0.05432185158133507,0,-0.0332498773932457,0.9983829855918884,0.04610685631632805,0,-0.052817147225141525,-0.04782314598560333,0.9974579215049744,0,0,0.05115300044417381,0.016683999449014664,1,0.2509995698928833,0.01057637482881546,-0.9679291248321533,0,0.848787784576416,-0.48312535881996155,0.2148253172636032,0,-0.4653591811656952,-0.8754878640174866,-0.13024142384529114,0,0.06398800015449524,0.15844500064849854,-0.0003209999995306134,1,0.9882530570030212,-0.08329960703849792,0.12813086807727814,0,-0.015768595039844513,0.778347909450531,0.6276351809501648,0,-0.15201212465763092,-0.6222827434539795,0.7678911089897156,0,0,0.13116200268268585,0,1,0.8084620833396912,0.5285248160362244,-0.25893905758857727,0,-0.47297316789627075,0.8452799916267395,0.24859367311000824,0,0.3502639830112457,-0.07850731909275055,0.9333549737930298,0,0,0.3452889919281006,0,1,0.8592628240585327,0.3884139060974121,-0.33286941051483154,0,-0.42181506752967834,0.9061329960823059,-0.03152996301651001,0,0.2893775701522827,0.1675020158290863,0.9424461126327515,0,0,0.2639949917793274,0,1,0.9997120499610901,0.01965680532157421,-0.013760983943939209,0,-0.010724195279181004,0.8790591359138489,0.47659286856651306,0,0.021465014666318893,-0.476308137178421,0.8790169358253479,0,-0.035530999302864075,0.04332699999213219,0.01424499973654747,1,0.9997220039367676,0.004663114435970783,0.023122936487197876,0,-0.0045008850283920765,0.9999650716781616,-0.007063019089400768,0,-0.02315506339073181,0.006956981495022774,0.9997080564498901,0,-0.006643999833613634,0.04577299952507019,0,1,0.9770420789718628,0.20987701416015625,0.03661505505442619,0,-0.2097419649362564,0.977728009223938,-0.0075348494574427605,0,-0.037380944937467575,-0.00031784942257218063,0.999301016330719,0,-0.0004349999944679439,0.04705600067973137,0,1,0.9858510494232178,-0.1659666895866394,-0.023512160405516624,0,0.14349830150604248,0.763119101524353,0.6301248073577881,0,-0.08663715422153473,-0.6245831847190857,0.7761377692222595,0,-0.027233000844717026,0.10874100029468536,-0.006023999769240618,1,0.9887290000915527,0.10425994545221329,0.1074463352560997,0,-0.12094904482364655,0.13326087594032288,0.9836729168891907,0,0.08823934197425842,-0.9855819344520569,0.14436911046504974,0,-0.0004529999860096723,0.046957001090049744,0,1,0.998986005783081,0.044853080064058304,0.003889036364853382,0,-0.04485292732715607,0.9989939332008362,-0.00013028335524722934,0,-0.00389096443541348,-0.00004428336615092121,0.9999920129776001,0,-0.0005000000237487257,0.04326599836349487,0,1,0.991686999797821,-0.10054194182157516,0.08029698580503464,0,-0.01582794077694416,0.5239880681037903,0.8515779376029968,0,-0.1276940107345581,-0.845770001411438,0.5180409550666809,0,0.027233000844717026,0.11088600009679794,-0.00814799964427948,1,0.9729380011558533,0.14551985263824463,0.17948703467845917,0,-0.14508213102817535,-0.21984992921352386,0.9646849632263184,0,0.1798410266637802,-0.9646189212799072,-0.1927879899740219,0,-0.0004090000002179295,0.046144999563694,0,1,0.999642014503479,0.026710011065006256,0.0015138194430619478,0,-0.026709986850619316,0.9996430277824402,-0.00003372308856341988,0,-0.0015141804469749331,-0.000006723086698912084,0.9999989867210388,0,-0.00016999999934341758,0.043689001351594925,0,1,0.13549233973026276,-0.022697150707244873,0.9905179738998413,0,-0.8596240878105164,-0.49978217482566833,0.1061352863907814,0,0.4926343858242035,-0.8658539652824402,-0.08722779899835587,0,-0.06398800015449524,0.1584469974040985,0.0003870000073220581,1,0.9428290128707886,0.3277420401573181,-0.0604817271232605,0,-0.19892899692058563,0.6990231871604919,0.6868728995323181,0,0.2673952579498291,-0.6355721354484558,0.7242567539215088,0,0,0.13116200268268585,0,1,0.8904061317443848,-0.4190468192100525,0.1776968389749527,0,0.36656424403190613,0.891610860824585,0.26582127809524536,0,-0.2698281407356262,-0.17155170440673828,0.9475039839744568,0,0,0.34526100754737854,0,1,0.869992196559906,-0.29189178347587585,0.3973827660083771,0,0.2942682206630707,0.9540489315986633,0.056539881974458694,0,-0.3956262767314911,0.06774788349866867,0.9159099459648132,0,0,0.26407599449157715,0,1,0.9984279274940491,-0.055959779769182205,-0.003220553509891033,0,0.05461721867322922,0.9583389759063721,0.2803608775138855,0,-0.012602553702890873,-0.2800960838794708,0.9598889946937561,0,0.034550998359918594,0.043115999549627304,0.013887999579310417,1,0.9215520620346069,0.09888116270303726,0.3754517734050751,0,-0.1731078326702118,0.9702309966087341,0.1693701148033142,0,-0.34752723574638367,-0.22107690572738647,0.911234974861145,0,0.006328999996185303,0.045134998857975006,0,1,0.9656810164451599,-0.2566480338573456,-0.0398920401930809,0,0.25648897886276245,0.9665040373802185,-0.009145364165306091,0,0.04090295732021332,-0.0014003636315464973,0.9991620182991028,0,0.0016339999856427312,0.04668999835848808,0,1,0.9759110808372498,0.21814976632595062,0.002770271385088563,0,-0.17766423523426056,0.7872980237007141,0.5904209017753601,0,0.12661926448345184,-0.5766909718513489,0.8070909380912781,0,0.03078800067305565,0.11586099863052368,-0.007275999989360571,1,0.9875759482383728,-0.09775097668170929,-0.1230413094162941,0,0.15169699490070343,0.3886495530605316,0.9088121652603149,0,-0.0410173162817955,-0.9161857962608337,0.3986494243144989,0,0.0002770000137388706,0.045444998890161514,0,1,0.9998700618743896,-0.016015011817216873,-0.0019679125398397446,0,0.016014989465475082,0.9998719692230225,-0.00002675978612387553,0,0.001968087861314416,-0.000004759787316288566,0.9999979734420776,0,0.00011999999696854502,0.04074399918317795,0,1,0.9879829287528992,0.15453815460205078,0.0027260149363428354,0,-0.11033286154270172,0.6928019523620605,0.7126370668411255,0,0.1082410141825676,-0.7043739557266235,0.7015270590782166,0,-0.03078800067305565,0.12643200159072876,-0.00775500014424324,1,0.9630759954452515,-0.1757918745279312,-0.20391498506069183,0,0.2479761242866516,0.2842491865158081,0.9261269569396973,0,-0.10484297573566437,-0.9424970746040344,0.31734585762023926,0,0.0005319999763742089,0.04125300049781799,0,1,0.9998769760131836,-0.015560014173388481,-0.001816855976358056,0,0.015559987165033817,0.9998790621757507,-0.000032637137337587774,0,0.0018171437550336123,0.0000043628629100567196,0.9999979734420776,0,-0.000056000000768108293,0.0401649996638298,0,1,-0.9892241358757019,-0.038651153445243835,0.14121496677398682,0,0.0897708386182785,-0.9220651388168335,0.3764799237251282,0,0.11565803736448288,0.3851000964641571,0.9155989289283752,0,0.10186699777841568,-0.06425800174474716,0.006632000207901001,1,0.9995570778846741,0.005077265202999115,-0.029340248554944992,0,-0.0291577335447073,0.3666982650756836,-0.9298829436302185,0,0.006037753075361252,0.9303261041641235,0.366683691740036,0,0,0.39703500270843506,0,1,0.9758570194244385,-0.03727802261710167,0.21520395576953888,0,-0.1688290238380432,0.49635231494903564,0.8515457510948181,0,-0.13856102526187897,-0.86732017993927,0.47807562351226807,0,0,0.3259910047054291,0,1,0.9688029885292053,-0.036410752683877945,0.2451421022415161,0,-0.13773775100708008,0.7432084679603577,0.6547285318374634,0,-0.20603087544441223,-0.6680684089660645,0.7150076031684875,0,0,0.15030300617218018,0,1,-0.9869998693466187,-0.07782507687807083,-0.14062243700027466,0,0.0445089265704155,-0.9730790853500366,0.22613495588302612,0,-0.15443558990955353,0.21693606674671173,0.9638920426368713,0,-0.10186699777841568,-0.06425800174474716,0.006587999872863293,1,0.9911630749702454,0.03160389885306358,0.1288321316242218,0,0.03242089971899986,0.8840360641479492,-0.46629196405410767,0,-0.12862884998321533,0.4663480520248413,0.875199019908905,0,0,0.39934301376342773,0,1,0.9760429263114929,-0.07268309593200684,-0.20507824420928955,0,0.21740691363811493,0.36309999227523804,0.90603107213974,0,0.008610773831605911,-0.9289109706878662,0.3702031075954437,0,0,0.3274509906768799,0,1,0.9445249438285828,0.029744049534201622,-0.32709115743637085,0,0.20210206508636475,0.7323899865150452,0.6502000689506531,0,0.2588978111743927,-0.6802358627319336,0.6857491731643677,0,0,0.151636004447937,0,1
K0.033,0.999415934085846,-0.01386821735650301,-0.031220050528645515,0,0.014420848339796066,0.9997419714927673,0.01754600740969181,0,0.03096865862607956,-0.017985979095101357,0.9993579983711243,0,-0.0008270042599178851,0.8682550191879272,-0.01029701717197895,1,0.9999039769172668,-0.00930382777005434,-0.0103074349462986,0,0.009364179335534573,0.9999390244483948,0.00582302687689662,0,0.010252629406750202,-0.005918988026678562,0.9999300241470337,0,0,0.11548200249671936,0.00025599999935366213,1,0.9997979998588562,0.004346118308603764,-0.01962919719517231,0,-0.004204817581921816,0.9999650120735168,0.0072340150363743305,0,0.019659945741295815,-0.007150014862418175,0.9997810125350952,0,0,0.13472899794578552,0,1,0.9997979998588562,0.004346118308603764,-0.01962919719517231,0,-0.004204817581921816,0.9999650120735168,0.0072340150363743305,0,0.019659945741295815,-0.007150014862418175,0.9997810125350952,0,0,0.15397599339485168,0,1,0.9998889565467834,-0.010696097277104855,0.010386621579527855,0,0.010681705549359322,0.9999420046806335,0.0014401115477085114,0,-0.01040141936391592,-0.0013290044153109193,0.9999449849128723,0,0,0.17322300374507904,0,1,0.9983130693435669,0.024305593222379684,0.05272271856665611,0,-0.02661733143031597,0.9986950159072876,0.043597057461738586,0,-0.05159425362944603,-0.04492683708667755,0.9976570010185242,0,0,0.05115300044417381,0.016683999449014664,1,0.2400956153869629,0.013481956906616688,-0.970656156539917,0,0.8554551005363464,-0.4755769968032837,0.20499469339847565,0,-0.4588579833507538,-0.8795711398124695,-0.12571722269058228,0,0.06398800015449524,0.15844500064849854,-0.0003209999995306134,1,0.9844818711280823,-0.139613538980484,0.1063181683421135,0,0.03622633218765259,0.7544848322868347,0.6553171277046204,0,-0.17170654237270355,-0.6412961483001709,0.7478340268135071,0,0,0.13116200268268585,0,1,0.8189409971237183,0.516660749912262,-0.24979239702224731,0,-0.4674590826034546,0.8530610799789429,0.23187971115112305,0,0.332891583442688,-0.0731281265616417,0.9401251077651978,0,0,0.3452889919281006,0,1,0.8465439677238464,0.3970909118652344,-0.3545174300670624,0,-0.4270511865615845,0.9042009711265564,-0.006960568483918905,0,0.3177906572818756,0.15728934109210968,0.9350230693817139,0,0,0.2639949917793274,0,1,0.9997120499610901,0.01965680532157421,-0.013760983943939209,0,-0.010724195279181004,0.8790591359138489,0.47659286856651306,0,0.021465014666318893,-0.476308137178421,0.8790169358253479,0,-0.035530999302864075,0.04332699999213219,0.01424499973654747,1,0.9997220039367676,0.004663114435970783,0.023122936487197876,0,-0.0045008850283920765,0.9999650716781616,-0.007063019089400768,0,-0.02315506339073181,0.006956981495022774,0.9997080564498901,0,-0.006643999833613634,0.04577299952507019,0,1,0.977042019367218,0.20987798273563385,0.03661505505442619,0,-0.2097429782152176,0.977728009223938,-0.007534868083894253,0,-0.03738094121217728,-0.0003178686019964516,0.999301016330719,0,-0.0004349999944679439,0.04705600067973137,0,1,0.9860439896583557,-0.16469821333885193,-0.024335194379091263,0,0.14447681605815887,0.7738651037216187,0.6166508793830872,0,-0.08272913843393326,-0.6115608215332031,0.7868601679801941,0,-0.027233000844717026,0.10874100029468536,-0.006023999769240618,1,0.9893589615821838,0.10312706232070923,0.10263331234455109,0,-0.11895789206027985,0.1671995371580124,0.97871994972229,0,0.08377231657505035,-0.9805149435997009,0.17768824100494385,0,-0.0004529999860096723,0.046957001090049744,0,1,0.9989860653877258,0.04485257714986801,0.003889047307893634,0,-0.04485242813825607,0.998993992805481,-0.00012978239101357758,0,-0.003890952793881297,-0.00004478237678995356,0.9999920129776001,0,-0.0005000000237487257,0.04326599836349487,0,1,0.9919369220733643,-0.09938391298055649,0.07863831520080566,0,-0.012896889820694923,0.5381240844726562,0.8427669405937195,0,-0.1260746270418167,-0.8369857668876648,0.5325033664703369,0,0.027233000844717026,0.11088600009679794,-0.00814799964427948,1,0.9737341403961182,0.14643357694149017,0.17435386776924133,0,-0.1459704339504242,-0.18620772659778595,0.9716070890426636,0,0.17474184930324554,-0.9715370535850525,-0.15994176268577576,0,-0.0004090000002179295,0.046144999563694,0,1,0.999642014503479,0.026710011065006256,0.001513319555670023,0,-0.026709986850619316,0.9996430277824402,-0.00003371640923433006,0,-0.0015136805595830083,-0.0000067164082793169655,0.9999989867210388,0,-0.00016999999934341758,0.043689001351594925,0,1,0.14168015122413635,-0.02230737917125225,0.989660918712616,0,-0.8639108538627625,-0.49089303612709045,0.11261280626058578,0,0.4833054840564728,-0.8709337115287781,-0.0888213962316513,0,-0.06398800015449524,0.1584469974040985,0.0003870000073220581,1,0.9310939311981201,0.3522760272026062,-0.09468547254800797,0,-0.1937445104122162,0.6975111365318298,0.6898849606513977,0,0.30907413363456726,-0.624002993106842,0.7177000045776367,0,0,0.13116200268268585,0,1,0.839171826839447,-0.5275794863700867,0.13210155069828033,0,0.47595879435539246,0.829928457736969,0.29100343585014343,0,-0.2631620764732361,-0.18132686614990234,0.9475579857826233,0,0,0.34526100754737854,0,1,0.8760181069374084,-0.22357624769210815,0.42732322216033936,0,0.21465259790420532,0.9742031097412109,0.06966415792703629,0,-0.43187499046325684,0.0306989923119545,0.9014109969139099,0,0,0.26407599449157715,0,1,0.9979869723320007,-0.06321226805448532,-0.005074794869869947,0,0.06197793036699295,0.955289900302887,0.2891002297401428,0,-0.013426784425973892,-0.2888329029083252,0.9572849869728088,0,0.034550998359918594,0.043115999549627304,0.013887999579310417,1,0.9260360598564148,0.09891808032989502,0.3642429709434509,0,-0.1697208285331726,0.9711070656776428,0.16776593029499054,0,-0.33712396025657654,-0.21717700362205505,0.9160689115524292,0,0.006328999996185303,0.045134998857975006,0,1,0.9656810164451599,-0.2566480040550232,-0.039892103523015976,0,0.25648897886276245,0.9665040373802185,-0.009144864045083523,0,0.040902893990278244,-0.001400863635353744,0.9991620182991028,0,0.0016339999856427312,0.04668999835848808,0,1,0.9763140082359314,0.2163567841053009,0.000942023703828454,0,-0.17232513427734375,0.7749730348587036,0.6080470085144043,0,0.13082507252693176,-0.5938072204589844,0.7939007878303528,0,0.03078800067305565,0.11586099863052368,-0.007275999989360571,1,0.9872609972953796,-0.09855562448501587,-0.12490704655647278,0,0.1532093733549118,0.37711480259895325,0.9134060740470886,0,-0.042917050421237946,-0.9209081530570984,0.38741084933280945,0,0.0002770000137388706,0.045444998890161514,0,1,0.9998700618743896,-0.016015011817216873,-0.0019679125398397446,0,0.016014989465475082,0.9998719692230225,-0.00002675978612387553,0,0.001968087861314416,-0.000004759787316288566,0.9999979734420776,0,0.00011999999696854502,0.04074399918317795,0,1,0.988472044467926,0.15140283107757568,-0.00034244725247845054,0,-0.10415106266736984,0.6816149353981018,0.7242610454559326,0,0.10988859832286835,-0.715876042842865,0.6895260214805603,0,-0.03078800067305565,0.12643200159072876,-0.00775500014424324,1,0.9624220132827759,-0.1765090376138687,-0.2063678652048111,0,0.24931399524211884,0.27310648560523987,0.9291151165962219,0,-0.10763688385486603,-0.9456520676612854,0.3068501055240631,0,0.0005319999763742089,0.04125300049781799,0,1,0.9998769760131836,-0.01556051429361105,-0.001816855976358056,0,0.015560487285256386,0.9998790621757507,-0.00003263759208493866,0,0.0018171437550336123,0.000004362408617453184,0.9999979734420776,0,-0.000056000000768108293,0.0401649996638298,0,1,-0.9900588989257812,-0.02694609761238098,0.13804389536380768,0,0.0839807391166687,-0.9005687832832336,0.42652428150177,0,0.1128249317407608,0.43387749791145325,0.8938798308372498,0,0.10186699777841568,-0.06425800174474716,0.006632000207901001,1,0.9996460676193237,0.024861926212906837,-0.009505004622042179,0,-0.019412286579608917,0.4366719722747803,-0.8994114398956299,0,-0.018210530281066895,0.8992775082588196,0.43699997663497925,0,0,0.39703500270843506,0,1,0.9758229851722717,-0.038084834814071655,0.2152169793844223,0,-0.17119085788726807,0.47899195551872253,0.8609650731086731,0,-0.13587696850299835,-0.8769930601119995,0.46089181303977966,0,0,0.3259910047054291,0,1,0.9631867408752441,-0.033567775040864944,0.2667296528816223,0,-0.15485133230686188,0.7417677044868469,0.6525343656539917,0,-0.21975558996200562,-0.6698159575462341,0.7092629075050354,0,0,0.15030300617218018,0,1,-0.9856569766998291,-0.07560691982507706,-0.15087589621543884,0,0.04846109449863434,-0.9831790924072266,0.17609921097755432,0,-0.16165228188037872,0.16626174747943878,0.9727410078048706,0,-0.10186699777841568,-0.06425800174474716,0.006587999872863293,1,0.9898590445518494,0.03343209624290466,0.13806083798408508,0,0.03244403749704361,0.8930118680000305,-0.44886213541030884,0,-0.13829636573791504,0.44878950715065,0.8828712105751038,0,0,0.39934301376342773,0,1,0.976046085357666,-0.07533399015665054,-0.20410564541816711,0,0.2174980491399765,0.3610670566558838,0.9068219661712646,0,0.005381289403885603,-0.9294920563697815,0.36880284547805786,0,0,0.3274509906768799,0,1,0.9445109963417053,0.030652116984128952,-0.32704588770866394,0,0.20263712108135223,0.7292399406433105,0.6535649299621582,0,0.25852808356285095,-0.6835709810256958,0.6825639605522156,0,0,0.151636004447937,0,1
K0.067,0.9997040629386902,-0.017172792926430702,-0.017258113250136375,0,0.017466142773628235,0.9997029900550842,0.016993803903460503,0,0.016961155459284782,-0.017290206626057625,0.9997069835662842,0,-0.0012439960846677423,0.8700119853019714,-0.011932983994483948,1,0.9998630285263062,-0.009620032273232937,-0.013495887629687786,0,0.00970896054059267,0.9999309778213501,0.0065399231389164925,0,0.013432050123810768,-0.006670062430202961,0.999888002872467,0,0,0.11548200249671936,0.00025599999935366213,1,0.9996440410614014,0.0012247116537764668,-0.026664646342396736,0,-0.0009943488985300064,0.9999619722366333,0.008650784380733967,0,0.026674220338463783,-0.008621188811957836,0.9996070265769958,0,0,0.13472899794578552,0,1,0.9996440410614014,0.0012247116537764668,-0.026664646342396736,0,-0.0009943488985300064,0.9999619722366333,0.008650784380733967,0,0.026674220338463783,-0.008621188811957836,0.9996070265769958,0,0,0.15397599339485168,0,1,0.999921977519989,-0.0010271677747368813,0.012450003996491432,0,0.0009390176855958998,0.9999740123748779,0.007084066979587078,0,-0.012456957250833511,-0.007071823813021183,0.9998970031738281,0,0,0.17322300374507904,0,1,0.9985050559043884,0.02058386616408825,0.050643134862184525,0,-0.022534210234880447,0.9990140199661255,0.03824704885482788,0,-0.049805913120508194,-0.03933105990290642,0.997983992099762,0,0,0.05115300044417381,0.016683999449014664,1,0.22670026123523712,0.016567926853895187,-0.9738240838050842,0,0.8612880706787109,-0.47023993730545044,0.19250230491161346,0,-0.4547412693500519,-0.8823829293251038,-0.12087327986955643,0,0.06398800015449524,0.15844500064849854,-0.0003209999995306134,1,0.9811100363731384,-0.1782553642988205,0.0751575157046318,0,0.08241581916809082,0.7366324067115784,0.6712526679039001,0,-0.17501774430274963,-0.6523780822753906,0.737407922744751,0,0,0.13116200268268585,0,1,0.8234617114067078,0.5083603858947754,-0.2519521713256836,0,-0.46133872866630554,0.8584230542182922,0.22422318160533905,0,0.3302678167819977,-0.0684039294719696,0.9414050579071045,0,0,0.3452889919281006,0,1,0.8440861701965332,0.4014207720756531,-0.35549989342689514,0,-0.43016618490219116,0.902746856212616,-0.002013998571783304,0,0.3201180398464203,0.1546240746974945,0.9346739649772644,0,0,0.2639949917793274,0,1,0.9997120499610901,0.01965680904686451,-0.01376099232584238,0,-0.010724189691245556,0.8790590167045593,0.4765930771827698,0,0.021465007215738297,-0.4763078987598419,0.8790160417556763,0,-0.035530999302864075,0.04332699999213219,0.01424499973654747,1,0.9997220039367676,0.0046631027944386005,0.023122938349843025,0,-0.004500896669924259,0.9999650716781616,-0.0070620193146169186,0,-0.023155061528086662,0.006955981720238924,0.9997080564498901,0,-0.006643999833613634,0.04577299952507019,0,1,0.9770420789718628,0.20987701416015625,0.03661505505442619,0,-0.2097419649362564,0.977728009223938,-0.0075348494574427605,0,-0.037380944937467575,-0.00031784942257218063,0.999301016330719,0,-0.0004349999944679439,0.04705600067973137,0,1,0.9862030148506165,-0.16359521448612213,-0.025313163176178932,0,0.14575178921222687,0.7855928540229797,0.6013323068618774,0,-0.07848921418190002,-0.5967249870300293,0.7985979914665222,0,-0.027233000844717026,0.10874100029468536,-0.006023999769240618,1,0.9900220632553101,0.10172401368618011,0.0975072905421257,0,-0.11664701253175735,0.20344178378582,0.972114086151123,0,0.07905028760433197,-0.9737880825996399,0.21327759325504303,0,-0.0004529999860096723,0.046957001090049744,0,1,0.998986005783081,0.044853080064058304,0.003889036364853382,0,-0.04485292732715607,0.9989939332008362,-0.00013028335524722934,0,-0.00389096443541348,-0.00004428336978890002,0.9999920129776001,0,-0.0005000000237487257,0.04326599836349487,0,1,0.9921870827674866,-0.09838017076253891,0.07672753185033798,0,-0.009475203230977058,0.5537929534912109,0.8326010704040527,0,-0.1244024857878685,-0.8268222212791443,0.54853355884552,0,0.027233000844717026,0.11088600009679794,-0.00814799964427948,1,0.9745869636535645,0.14725002646446228,0.1688133180141449,0,-0.14672794938087463,-0.1498185247182846,0.9777660369873047,0,0.16926731169223785,-0.9776869416236877,-0.1244053915143013,0,-0.0004090000002179295,0.046144999563694,0,1,0.999642014503479,0.026710011065006256,0.001513319555670023,0,-0.026709986850619316,0.9996430277824402,-0.00003371640923433006,0,-0.0015136805595830083,-0.0000067164082793169655,0.9999989867210388,0,-0.00016999999934341758,0.043689001351594925,0,1,0.1500418782234192,-0.021556632593274117,0.988444983959198,0,-0.8678070306777954,-0.481888085603714,0.1212201938033104,0,0.47370660305023193,-0.875967264175415,-0.09101033955812454,0,-0.06398800015449524,0.1584469974040985,0.0003870000073220581,1,0.9301990270614624,0.3419191837310791,-0.13349542021751404,0,-0.1602722555398941,0.7055410742759705,0.6903077363967896,0,0.33021602034568787,-0.620728075504303,0.7110939025878906,0,0,0.13116200268268585,0,1,0.8022602200508118,-0.5888565182685852,0.09811878949403763,0,0.5385783910751343,0.784837543964386,0.30653366446495056,0,-0.25751158595085144,-0.1930750459432602,0.9467891454696655,0,0,0.34526100754737854,0,1,0.882008969783783,-0.169210746884346,0.43980497121810913,0,0.15625837445259094,0.9855219125747681,0.0658009871840477,0,-0.444571852684021,0.010686147026717663,0.8956801295280457,0,0,0.26407599449157715,0,1,0.9973610043525696,-0.07224380224943161,-0.007216257508844137,0,0.07110203802585602,0.9517931938171387,0.2983877658843994,0,-0.014688266441226006,-0.2981131076812744,0.9544169306755066,0,0.034550998359918594,0.043115999549627304,0.013887999579310417,1,0.928939938545227,0.0950811505317688,0.3578130900859833,0,-0.16297896206378937,0.9727990627288818,0.16461895406246185,0,-0.3324280083179474,-0.2112371176481247,0.9191679358482361,0,0.006328999996185303,0.045134998857975006,0,1,0.9656810164451599,-0.2566480040550232,-0.039892103523015976,0,0.25648897886276245,0.9665040373802185,-0.009144864045083523,0,0.040902893990278244,-0.001400863635353744,0.9991620182991028,0,0.0016339999856427312,0.04668999835848808,0,1,0.9766929149627686,0.21464116871356964,-0.0005962808500044048,0,-0.16772490739822388,0.7649350166320801,0.6218870878219604,0,0.13393868505954742,-0.607292652130127,0.7831072211265564,0,0.03078800067305565,0.11586099863052368,-0.007275999989360571,1,0.9869199991226196,-0.09937700629234314,-0.12693935632705688,0,0.15477398037910461,0.3637743294239044,0.9185389280319214,0,-0.04510435089468956,-0.9261710047721863,0.3743969798088074,0,0.0002770000137388706,0.045444998890161514,0,1,0.9998700618743896,-0.016015011817216873,-0.0019679125398397446,0,0.016014989465475082,0.9998719692230225,-0.00002675978612387553,0,0.001968087861314416,-0.000004759787316288566,0.9999979734420776,0,0.00011999999696854502,0.04074399918317795,0,1,0.9888870120048523,0.14863787591457367,-0.003163919085636735,0,-0.09853121638298035,0.6711671948432922,0.7347288131713867,0,0.11133204400539398,-0.726252019405365,0.6783539652824402,0,-0.03078800067305565,0.12643200159072876,-0.00775500014424324,1,0.961700975894928,-0.17724484205245972,-0.2090822160243988,0,0.2507331073284149,0.26067283749580383,0.9323000907897949,0,-0.1107432171702385,-0.9490168690681458,0.2951302230358124,0,0.0005319999763742089,0.04125300049781799,0,1,0.9998769760131836,-0.015560014173388481,-0.001816855976358056,0,0.015559987165033817,0.9998790621757507,-0.000032637137337587774,0,0.0018171437550336123,0.0000043628629100567196,0.9999979734420776,0,-0.000056000000768108293,0.0401649996638298,0,1,-0.991499125957489,-0.01924111694097519,0.12868697941303253,0,0.07729602605104446,-0.8826831579208374,0.46356770396232605,0,0.1046701967716217,0.46957361698150635,0.8766661882400513,0,0.10186699777841568,-0.06425800174474716,0.006632000207901001,1,0.9986730217933655,0.04988208785653114,0.012834069319069386,0,-0.0155527014285326,0.5295851230621338,-0.8481135368347168,0,-0.049102406948804855,0.8467885255813599,0.5296581387519836,0,0,0.39703500270843506,0,1,0.975857138633728,-0.037936970591545105,0.21509040892124176,0,-0.1726909577846527,0.4689132571220398,0.8661977648735046,0,-0.13371959328651428,-0.8824290037155151,0.45104074478149414,0,0,0.3259910047054291,0,1,0.9408032894134521,-0.0335090272128582,0.33729109168052673,0,-0.2085215300321579,0.7272939682006836,0.6538823246955872,0,-0.2672208249568939,-0.6855074763298035,0.6772535443305969,0,0,0.15030300617218018,0,1,-0.9842050075531006,-0.07303526997566223,-0.16126208007335663,0,0.052940722554922104,-0.9906709790229797,0.12556827068328857,0,-0.16892877221107483,0.11504772305488586,0.9788910150527954,0,-0.10186699777841568,-0.06425800174474716,0.006587999872863293,1,0.9882640838623047,0.0374336764216423,0.14809900522232056,0,0.030865728855133057,0.9005780220031738,-0.43359804153442383,0,-0.14960578083992004,0.43308025598526,0.8888528943061829,0,0,0.39934301376342773,0,1,0.9759500026702881,-0.07796777784824371,-0.20357321202754974,0,0.21798819303512573,0.35533973574638367,0.9089630842208862,0,0.0014678224688395858,-0.9314798712730408,0.3637901842594147,0,0,0.3274509906768799,0,1,0.9448179006576538,0.02990211546421051,-0.32622724771499634,0,0.20303508639335632,0.7280529737472534,0.6547629237174988,0,0.257089763879776,-0.6848679780960083,0.6818070411682129,0,0,0.151636004447937,0,1
