10.300,30,308,49
B0,mixamorig_Hips,-1,0.9997159838676453,-0.009773836471140385,0.02171199768781662,0,0.010818162932991982,0.9987640380859375,-0.048513948917388916,0,-0.021210994571447372,0.04873505234718323,0.9985859990119934,0,-0.00184599997010082,0.8618249893188477,-0.004501999821513891,1
B1,mixamorig_Spine,0,0.9999570846557617,-0.0089497035369277,0.002592786680907011,0,0.008887292817234993,0.9996920228004456,0.02315501496195793,0,-0.0027992199175059795,-0.023130984976887703,0.9997289776802063,0,0,0.11548200249671936,0.00025599999935366213,1
B2,mixamorig_Spine1,1,0.9990160465240479,0.0018421669956296682,0.04431980848312378,0,-0.0029298437293618917,0.9996960163116455,0.024489136412739754,0,-0.04426119104027748,-0.024594873189926147,0.9987170100212097,0,0,0.13472899794578552,0,1
B3,mixamorig_Spine2,2,0.9990170001983643,0.002830052748322487,0.04423820972442627,0,-0.003910940606147051,0.9996950030326843,0.02436596155166626,0,-0.0441557839512825,-0.02451503835618496,0.9987239241600037,0,0,0.15397599339485168,0,1
B4,mixamorig_Neck,3,0.999671995639801,-0.017536170780658722,-0.0186599250882864,0,0.01750083453953266,0.9998449683189392,-0.0020556168165057898,0,0.01869308017194271,0.0017283785855397582,0.9998239874839783,0,0,0.17322300374507904,0,1
B5,mixamorig_Head,4,0.9978479743003845,0.06352082639932632,0.01626315526664257,0,-0.06490414589643478,0.992106020450592,0.1073027104139328,0,-0.009318809024989605,-0.10812725871801376,0.9940929412841797,0,0,0.05115300044417381,0.016683999449014664,1
B6,mixamorig_HeadTop_End,5,1,0,0,0,0,1,0,0,0,0,1,0,0,0.31849199533462524,0.10388000309467316,1
B7,mixamorig_LeftShoulder,3,-0.0827350988984108,-0.001574004185386002,-0.9965699315071106,0,0.9717589020729065,-0.22188213467597961,-0.08032489567995071,0,-0.22099481523036957,-0.9750720262527466,0.01988707110285759,0,0.06398800015449524,0.15844500064849854,-0.0003209999995306134,1
B8,mixamorig_LeftArm,7,0.9118888974189758,0.3854473829269409,-0.1410277932882309,0,-0.07187967002391815,0.488269180059433,0.8697280287742615,0,0.40409383177757263,-0.7829580903053284,0.4729529619216919,0,0,0.13116200268268585,0,1
B9,mixamorig_LeftForeArm,8,0.8732399940490723,0.48725494742393494,0.005781372077763081,0,-0.48726505041122437,0.8732540011405945,0.00034635234624147415,0,-0.004879846703261137,-0.0031195105984807014,0.999983012676239,0,0,0.3452889919281006,0,1
B10,mixamorig_LeftHand,9,0.9983729720115662,-0.004286890383809805,-0.05686371773481369,0,0.019390182569622993,0.9632740020751953,0.26781901717185974,0,0.05362723767757416,-0.2684859335422516,0.9617900848388672,0,0,0.2639949917793274,0,1
B11,mixamorig_LeftHandThumb1,10,0.9913709759712219,-0.10344142466783524,-0.08052294701337814,0,0.12217161804437637,0.9517549276351929,0.2814912796020508,0,0.04752020910382271,-0.288899689912796,0.9561790823936462,0,-0.035530999302864075,0.04332699999213219,0.01424499973654747,1
B12,mixamorig_LeftHandThumb2,11,0.9929819703102112,-0.11606186628341675,0.02271295338869095,0,0.11523611843585968,0.9927279353141785,0.034802790731191635,0,-0.026587074622511864,-0.03194120526313782,0.9991359710693359,0,-0.006643999833613634,0.04577299952507019,0,1
B13,mixamorig_LeftHandThumb3,12,0.9809990525245667,0.19241276383399963,0.02488301880657673,0,-0.19067923724651337,0.9798499941825867,-0.05945771187543869,0,-0.03582204878330231,0.053583282977342606,0.9979209899902344,0,-0.0004349999944679439,0.04705600067973137,0,1
B14,mixamorig_LeftHandThumb4,13,1,0,0,0,0,1,0,0,0,0,1,0,0.007079000119119883,0.034487999975681305,0,1
B15,mixamorig_LeftHandIndex1,10,0.9684761166572571,-0.24598664045333862,-0.039304353296756744,0,0.2473202496767044,0.9306219816207886,0.2697707712650299,0,-0.0297824889421463,-0.2709871232509613,0.9621220231056213,0,-0.027233000844717026,0.10874100029468536,-0.006023999769240618,1
B16,mixamorig_LeftHandIndex2,15,0.9982579946517944,-0.0540299192070961,-0.02370605245232582,0,0.05788303539156914,0.8189359903335571,0.5709580779075623,0,-0.011435084044933319,-0.5713358521461487,0.8206371068954468,0,-0.0004529999860096723,0.046957001090049744,0,1
B17,mixamorig_LeftHandIndex3,16,0.9996860027313232,0.023540908470749855,0.008585854433476925,0,-0.024801116436719894,0.9784659147262573,0.20491313934326172,0,-0.0035771268885582685,-0.20506185293197632,0.9787430763244629,0,-0.0005000000237487257,0.04326599836349487,0,1
B18,mixamorig_LeftHandIndex4,17,1,0,0,0,0,1,0,0,0,0,1,0,0.0009529999806545675,0.029955999925732613,0,1
B19,mixamorig_LeftHandMiddle1,10,0.9692689180374146,-0.23916803300380707,-0.05759235471487045,0,0.24502786993980408,0.917751133441925,0.31256189942359924,0,-0.021899348124861717,-0.31706807017326355,0.9481499195098877,0,0.027233000844717026,0.11088600009679794,-0.00814799964427948,1
B20,mixamorig_LeftHandMiddle2,19,0.9996330142021179,-0.025203725323081017,-0.009912909008562565,0,0.027065284550189972,0.916382908821106,0.3993871212005615,0,-0.000982022495009005,-0.39950892329216003,0.9167290329933167,0,-0.0004090000002179295,0.046144999563694,0,1
B21,mixamorig_LeftHandMiddle3,20,0.99993497133255,0.010462787002325058,0.004458908457309008,0,-0.01116122491657734,0.9780870079994202,0.20789478719234467,0,-0.0021860431879758835,-0.20793119072914124,0.9781409502029419,0,-0.00016999999934341758,0.043689001351594925,0,1
B22,mixamorig_LeftHandMiddle4,21,1,0,0,0,0,1,0,0,0,0,1,0,0.0005789999850094318,0.027104999870061874,0,1
B23,mixamorig_RightShoulder,3,0.10587915033102036,-0.030927006155252457,0.9938979148864746,0,-0.9790440201759338,-0.17810088396072388,0.09875479340553284,0,0.17395994067192078,-0.9835259318351746,-0.04913603141903877,0,-0.06398800015449524,0.1584469974040985,0.0003870000073220581,1
B24,mixamorig_RightArm,23,0.9182411432266235,-0.39028769731521606,0.06714223325252533,0,0.13028031587600708,0.45780888199806213,0.8794529438018799,0,-0.3739781677722931,-0.79880291223526,0.47122594714164734,0,0,0.13116200268268585,0,1
B25,mixamorig_RightForeArm,24,0.8893380165100098,-0.45720699429512024,-0.006395856384187937,0,0.4572099447250366,0.8893579840660095,-0.0010232190834358335,0,0.006156026851385832,-0.002014260506257415,0.9999790191650391,0,0,0.34526100754737854,0,1
B26,mixamorig_RightHand,25,0.9979349970817566,0.008931055665016174,-0.06360803544521332,0,-0.005430946592241526,0.9984719753265381,0.054987985640764236,0,0.06400196254253387,-0.05452900752425194,0.9964590072631836,0,0,0.26407599449157715,0,1
B27,mixamorig_RightHandThumb1,26,0.9584299325942993,0.15503600239753723,0.2395310401916504,0,-0.2251959592103958,0.9265311360359192,0.3013758063316345,0,-0.1752089262008667,-0.3427891731262207,0.9229289889335632,0,0.034550998359918594,0.043115999549627304,0.013887999579310417,1
B28,mixamorig_RightHandThumb2,27,0.9985820651054382,0.0033270481508225203,0.05313495919108391,0,-0.005845967680215836,0.9988629817962646,0.04732126370072365,0,-0.05291704460978508,-0.04756473749876022,0.9974650144577026,0,0.006328999996185303,0.045134998857975006,0,1
B29,mixamorig_RightHandThumb3,28,0.9649500250816345,-0.26135891675949097,-0.02374189905822277,0,0.259257048368454,0.9633920192718506,-0.06827513873577118,0,0.04071706160902977,0.05972683057188988,0.9973840117454529,0,0.0016339999856427312,0.04668999835848808,0,1
B30,mixamorig_RightHandThumb4,29,1,0,0,0,0,1,0,0,0,0,1,0,-0.007962999865412712,0.034922998398542404,0,1
B31,mixamorig_RightHandIndex1,26,0.9428309798240662,0.3265790343284607,0.06645089387893677,0,-0.33266890048980713,0.934211015701294,0.1287686973810196,0,-0.020026005804538727,-0.1435132920742035,0.9894459843635559,0,0.03078800067305565,0.11586099863052368,-0.007275999989360571,1
B32,mixamorig_RightHandIndex2,31,0.9995999932289124,0.02535998448729515,0.012520980089902878,0,-0.027647024020552635,0.782841145992279,0.6216068267822266,0,0.005962000694125891,-0.6217041611671448,0.783228874206543,0,0.0002770000137388706,0.045444998890161514,0,1
B33,mixamorig_RightHandIndex3,32,0.9999709129333496,-0.006783853285014629,-0.003583238460123539,0,0.007316100876778364,0.9837920069694519,0.17916400730609894,0,0.002309739124029875,-0.17918500304222107,0.9838130474090576,0,0.00011999999696854502,0.04074399918317795,0,1
B34,mixamorig_RightHandIndex4,33,1,0,0,0,0,1,0,0,0,0,1,0,-0.0003969999961555004,0.02952600084245205,0,1
B35,mixamorig_RightHandMiddle1,26,0.9432600736618042,0.301364928483963,0.13942889869213104,0,-0.3291720449924469,0.9038610458374023,0.27327781915664673,0,-0.04366800934076309,-0.30366814136505127,0.951776921749115,0,-0.03078800067305565,0.12643200159072876,-0.00775500014424324,1
B36,mixamorig_RightHandMiddle2,35,0.9997079968452454,-0.02403176948428154,-0.002707132138311863,0,0.021617120131850243,0.8378059267997742,0.5455400943756104,0,-0.010842232964932919,-0.5454388856887817,0.8380800485610962,0,0.0005319999763742089,0.04125300049781799,0,1
B37,mixamorig_RightHandMiddle3,36,0.9994990229606628,-0.014470623806118965,-0.02814711444079876,0,0.017933359369635582,0.9917479753494263,0.12694594264030457,0,0.026077838614583015,-0.12738703191280365,0.9915099740028381,0,-0.000056000000768108293,0.0401649996638298,0,1
B38,mixamorig_RightHandMiddle4,37,1,0,0,0,0,1,0,0,0,0,1,0,-0.00047500000800937414,0.02774900011718273,0,1
B39,mixamorig_LeftUpLeg,0,-0.9963810443878174,-0.023594051599502563,0.08165992796421051,0,0.032517947256565094,-0.993428111076355,0.10973888635635376,0,0.0785340741276741,0.11199714988470078,0.9905999898910522,0,0.10186699777841568,-0.06425800174474716,0.006632000207901001,1
B40,mixamorig_LeftLeg,39,0.9863680005073547,0.10876965522766113,0.1234828382730484,0,-0.0401812344789505,0.886881947517395,-0.4602449834346771,0,-0.15957529842853546,0.4490090012550354,0.8791620135307312,0,0,0.39703500270843506,0,1
B41,mixamorig_LeftFoot,40,0.9575088620185852,-0.14799334108829498,0.2475360929965973,0,-0.17617002129554749,0.37942206859588623,0.9082970023155212,0,-0.22834260761737823,-0.9133110642433167,0.33722805976867676,0,0,0.3259910047054291,0,1
B42,mixamorig_LeftToeBase,41,0.963676929473877,-0.001735642901621759,0.2670650780200958,0,-0.16725072264671326,0.7756907939910889,0.6085482239723206,0,-0.20821616053581238,-0.6311107873916626,0.7472251057624817,0,0,0.15030300617218018,0,1
B43,mixamorig_LeftToe_End,42,1,0,0,0,0,1,0,0,0,0,1,0,0,0.058788999915122986,0,1
B44,mixamorig_RightUpLeg,0,-0.9726800918579102,0.07657936960458755,-0.21915468573570251,0,-0.10954068601131439,-0.983724057674408,0.14243397116661072,0,-0.20468035340309143,0.16254915297031403,0.9652379155158997,0,-0.10186699777841568,-0.06425800174474716,0.006587999872863293,1
B45,mixamorig_RightLeg,44,0.9965839982032776,-0.06787978857755661,-0.047049205750226974,0,0.0384482815861702,0.8854699730873108,-0.46310198307037354,0,0.07309591770172119,0.4597109854221344,0.8850549459457397,0,0,0.39934301376342773,0,1
B46,mixamorig_RightFoot,45,0.9599220156669617,0.14543195068836212,-0.2395830899477005,0,0.15887780487537384,0.4218493700027466,0.8926368951797485,0,0.23088593780994415,-0.8949263095855713,0.38183659315109253,0,0,0.3274509906768799,0,1
B47,mixamorig_RightToeBase,46,0.9541640281677246,1.3824312361521152e-7,-0.2992829978466034,0,0.18650707602500916,0.7820780277252197,0.5946159362792969,0,0.23406288027763367,-0.6231799721717834,0.7462310791015625,0,0,0.151636004447937,0,1
B48,mixamorig_RightToe_End,47,1,0,0,0,0,1,0,0,0,0,1,0,0,0.05863500013947487,0,1
@40,0,1,2,3,4,5,7,8,9,10,11,12,13,15,16,17,19,20,21,23,24,25,26,27,28,29,31,32,33,35,36,37,39,40,41,42,44,45,46,47
K0,0.9997159838676453,-0.00977383740246296,0.021712003275752068,0,0.010818163864314556,0.9987640380859375,-0.048513952642679214,0,-0.02121100015938282,0.048735056072473526,0.9985859990119934,0,-0.00184599997010082,0.8618249893188477,-0.004501999821513891,1,0.9999570846557617,-0.00894970539957285,0.002592783421278,0,0.008887294679880142,0.9996920228004456,0.02315501496195793,0,-0.0027992166578769684,-0.023130984976887703,0.9997289776802063,0,0,0.11548200249671936,0.00025599999935366213,1,0.9990160465240479,0.0018421618733555079,0.04431981220841408,0,-0.0029298383742570877,0.9996960163116455,0.024489134550094604,0,-0.04426119476556778,-0.02459486946463585,0.9987170100212097,0,0,0.13472899794578552,0,1,0.9990170001983643,0.0028300562407821417,0.04423821344971657,0,-0.003910943865776062,0.9996950030326843,0.02436596155166626,0,-0.0441557876765728,-0.02451503835618496,0.9987239241600037,0,0,0.15397599339485168,0,1,0.999671995639801,-0.017536167055368423,-0.01865992322564125,0,0.017500830814242363,0.9998449683189392,-0.0020556191448122263,0,0.01869307830929756,0.0017283809138461947,0.9998239874839783,0,0,0.17322300374507904,0,1,0.9978479743003845,0.06352083384990692,0.016263173893094063,0,-0.06490415334701538,0.992106020450592,0.107302725315094,0,-0.009318826720118523,-0.10812727361917496,0.9940929412841797,0,0,0.05115300044417381,0.016683999449014664,1,-0.08273488283157349,-0.0015737968496978283,-0.9965699911117554,0,0.9717589616775513,-0.22188211977481842,-0.080324687063694,0,-0.22099478542804718,-0.9750720858573914,0.019886765629053116,0,0.06398800015449524,0.15844500064849854,-0.0003209999995306134,1,0.911888837814331,0.3854474723339081,-0.1410280168056488,0,-0.07187953591346741,0.48826923966407776,0.8697279691696167,0,0.40409401059150696,-0.7829580307006836,0.4729529321193695,0,0,0.13116200268268585,0,1,0.8732399940490723,0.48725494742393494,0.005781280342489481,0,-0.48726505041122437,0.8732540011405945,0.0003464494366198778,0,-0.004879719112068415,-0.00311955064535141,0.999983012676239,0,0,0.3452889919281006,0,1,0.9983729720115662,-0.004286849405616522,-0.056863732635974884,0,0.019390149042010307,0.9632739424705505,0.26781904697418213,0,0.053627267479896545,-0.268485963344574,0.9617900848388672,0,0,0.2639949917793274,0,1,0.9913709759712219,-0.10344140976667404,-0.08052286505699158,0,0.12217158079147339,0.9517549872398376,0.2814912796020508,0,0.04752013832330704,-0.28889966011047363,0.9561790823936462,0,-0.035530999302864075,0.04332699999213219,0.01424499973654747,1,0.9929819703102112,-0.11606186628341675,0.022712938487529755,0,0.11523611843585968,0.9927279353141785,0.034802790731191635,0,-0.02658705972135067,-0.031941208988428116,0.9991359710693359,0,-0.006643999833613634,0.04577299952507019,0,1,0.9809990525245667,0.19241276383399963,0.024882985278964043,0,-0.19067923724651337,0.9798499941825867,-0.05945771187543869,0,-0.03582201525568962,0.0535832904279232,0.9979209899902344,0,-0.0004349999944679439,0.04705600067973137,0,1,0.9684761166572571,-0.2459866851568222,-0.03930443525314331,0,0.24732032418251038,0.9306219816207886,0.2697708010673523,0,-0.029782438650727272,-0.2709871828556061,0.9621219635009766,0,-0.027233000844717026,0.10874100029468536,-0.006023999769240618,1,0.9982579946517944,-0.05402993783354759,-0.02370607666671276,0,0.05788306146860123,0.8189359307289124,0.5709580779075623,0,-0.011435077525675297,-0.5713358521461487,0.8206371068954468,0,-0.0004529999860096723,0.046957001090049744,0,1,0.9996860027313232,0.023540891706943512,0.008585862815380096,0,-0.02480110339820385,0.9784659147262573,0.20491313934326172,0,-0.0035771375987678766,-0.20506185293197632,0.9787430763244629,0,-0.0005000000237487257,0.04326599836349487,0,1,0.9692689180374146,-0.23916809260845184,-0.05759236589074135,0,0.24502792954444885,0.917751133441925,0.31256192922592163,0,-0.02189936302602291,-0.31706809997558594,0.9481499195098877,0,0.027233000844717026,0.11088600009679794,-0.00814799964427948,1,0.9996330142021179,-0.025203708559274673,-0.009912963956594467,0,0.02706529013812542,0.9163829684257507,0.39938709139823914,0,-0.0009819639381021261,-0.39950889348983765,0.9167290925979614,0,-0.0004090000002179295,0.046144999563694,0,1,0.99993497133255,0.010462777689099312,0.00445893220603466,0,-0.01116122119128704,0.9780870079994202,0.20789478719234467,0,-0.0021860681008547544,-0.20793119072914124,0.9781409502029419,0,-0.00016999999934341758,0.043689001351594925,0,1,0.10587920248508453,-0.03092682920396328,0.9938979148864746,0,-0.9790440201759338,-0.17810073494911194,0.0987548679113388,0,0.17395983636379242,-0.9835259318351746,-0.04913584142923355,0,-0.06398800015449524,0.1584469974040985,0.0003870000073220581,1,0.9182412028312683,-0.3902875781059265,0.0671420469880104,0,0.13028040528297424,0.4578089118003845,0.8794529438018799,0,-0.373977929353714,-0.7988029718399048,0.4712260067462921,0,0,0.13116200268268585,0,1,0.889337956905365,-0.45720699429512024,-0.00639590946957469,0,0.4572099447250366,0.8893579840660095,-0.0010232541244477034,0,0.006156089715659618,-0.0020142539869993925,0.9999790191650391,0,0,0.34526100754737854,0,1,0.9979349970817566,0.0089310547336936,-0.06360803544521332,0,-0.005430945195257664,0.9984719753265381,0.054987989366054535,0,0.06400196254253387,-0.054529011249542236,0.9964590072631836,0,0,0.26407599449157715,0,1,0.9584299325942993,0.15503603219985962,0.23953106999397278,0,-0.2251959890127182,0.9265311360359192,0.3013758063316345,0,-0.1752089411020279,-0.3427891731262207,0.9229289889335632,0,0.034550998359918594,0.043115999549627304,0.013887999579310417,1,0.9985820651054382,0.0033270404674112797,0.05313495174050331,0,-0.005845959763973951,0.9988629817962646,0.04732125997543335,0,-0.05291704088449478,-0.047564733773469925,0.9974650144577026,0,0.006328999996185303,0.045134998857975006,0,1,0.9649500250816345,-0.26135894656181335,-0.023741917684674263,0,0.25925707817077637,0.9633920192718506,-0.06827516108751297,0,0.04071708396077156,0.05972684174776077,0.9973840117454529,0,0.0016339999856427312,0.04668999835848808,0,1,0.9428309798240662,0.3265790343284607,0.06645094603300095,0,-0.33266890048980713,0.934211015701294,0.1287686973810196,0,-0.020026054233312607,-0.1435132920742035,0.9894459843635559,0,0.03078800067305565,0.11586099863052368,-0.007275999989360571,1,0.9995999932289124,0.025359975174069405,0.01252098847180605,0,-0.027647022157907486,0.782841145992279,0.6216068267822266,0,0.005961988586932421,-0.6217041611671448,0.783228874206543,0,0.0002770000137388706,0.045444998890161514,0,1,0.9999709129333496,-0.0067838747054338455,-0.003583251964300871,0,0.007316124625504017,0.9837920069694519,0.17916400730609894,0,0.002309748437255621,-0.17918500304222107,0.9838130474090576,0,0.00011999999696854502,0.04074399918317795,0,1,0.9432600736618042,0.3013648986816406,0.13942892849445343,0,-0.3291720449924469,0.9038610458374023,0.27327781915664673,0,-0.04366804659366608,-0.30366814136505127,0.951776921749115,0,-0.03078800067305565,0.12643200159072876,-0.00775500014424324,1,0.9997079968452454,-0.024031810462474823,-0.00270720012485981,0,0.021617190912365913,0.8378058671951294,0.5455400943756104,0,-0.010842200368642807,-0.5454388856887817,0.8380800485610962,0,0.0005319999763742089,0.04125300049781799,0,1,0.9994990229606628,-0.014470632188022137,-0.0281471386551857,0,0.017933370545506477,0.9917479753494263,0.12694594264030457,0,0.026077860966324806,-0.12738703191280365,0.9915099740028381,0,-0.000056000000768108293,0.0401649996638298,0,1,-0.9963810443878174,-0.023594051599502563,0.08165992796421051,0,0.032517947256565094,-0.993428111076355,0.10973887890577316,0,0.0785340741276741,0.11199714243412018,0.9905999898910522,0,0.10186699777841568,-0.06425800174474716,0.006632000207901001,1,0.9863680005073547,0.10876968502998352,0.12348275631666183,0,-0.04018130153417587,0.886881947517395,-0.4602450132369995,0,-0.15957523882389069,0.4490090012550354,0.8791620135307312,0,0,0.39703500270843506,0,1,0.9575088024139404,-0.147993266582489,0.24753636121749878,0,-0.17617028951644897,0.37942206859588623,0.9082970023155212,0,-0.22834263741970062,-0.9133110642433167,0.33722802996635437,0,0,0.3259910047054291,0,1,0.9636769890785217,-0.0017356321914121509,0.2670649588108063,0,-0.1672506332397461,0.7756908535957336,0.6085482239723206,0,-0.2082160860300064,-0.6311107873916626,0.7472251653671265,0,0,0.15030300617218018,0,1,-0.9726800322532654,0.07657934725284576,-0.21915465593338013,0,-0.10954064130783081,-0.983724057674408,0.14243392646312714,0,-0.20468033850193024,0.16254909336566925,0.9652379155158997,0,-0.10186699777841568,-0.06425800174474716,0.006587999872863293,1,0.9965839982032776,-0.06787973642349243,-0.047049153596162796,0,0.038448259234428406,0.8854699730873108,-0.46310198307037354,0,0.07309585064649582,0.4597109854221344,0.8850549459457397,0,0,0.39934301376342773,0,1,0.9599220156669617,0.14543187618255615,-0.23958313465118408,0,0.158877894282341,0.4218493700027466,0.8926368355751038,0,0.23088586330413818,-0.8949262499809265,0.38183659315109253,0,0,0.3274509906768799,0,1,0.9541639685630798,0,-0.29928305745124817,0,0.18650713562965393,0.782077968120575,0.5946159958839417,0,0.23406292498111725,-0.6231800317764282,0.7462310194969177,0,0,0.151636004447937,0,1
K0.033,0.9996870160102844,-0.011216634884476662,0.02235240489244461,0,0.012299246154725552,0.9987278580665588,-0.04889993369579315,0,-0.021775491535663605,0.04915958270430565,0.9985538721084595,0,-0.0002152452798327431,0.8615477681159973,-0.004805309232324362,1,0.9999549984931946,-0.009208077564835548,0.0023221690207719803,0,0.009150632657110691,0.9996789693832397,0.023642100393772125,0,-0.002539121313020587,-0.02361978031694889,0.9997180104255676,0,0,0.11548200249671936,0.00025599999935366213,1,0.9990350604057312,0.0015553439734503627,0.04388400539755821,0,-0.0026730375830084085,0.9996729493141174,0.02542208321392536,0,-0.043830133974552155,-0.025514870882034302,0.9987130761146545,0,0,0.13472899794578552,0,1,0.9990370869636536,0.0025595719926059246,0.04380464926362038,0,-0.0036709136329591274,0.9996729493141174,0.025308819487690926,0,-0.04372550919651985,-0.025445234030485153,0.9987190365791321,0,0,0.15397599339485168,0,1,0.9996940493583679,-0.016625966876745224,-0.018339689821004868,0,0.01660194620490074,0.9998610615730286,-0.0014607419725507498,0,0.018361425027251244,0.0011558202095329762,0.999830961227417,0,0,0.17322300374507904,0,1,0.9977998733520508,0.06420934945344925,0.016485517844557762,0,-0.06560888886451721,0.9921024441719055,0.10689882934093475,0,-0.009491429664194584,-0.10774535685777664,0.9941335916519165,0,0,0.05115300044417381,0.016683999449014664,1,-0.08065027743577957,-0.0014608603669330478,-0.9967412352561951,0,0.9722266793251038,-0.2205422818660736,-0.07834342867136002,0,-0.21970902383327484,-0.975376546382904,0.019207021221518517,0,0.06398800015449524,0.15844500064849854,-0.0003209999995306134,1,0.9116953015327454,0.38616326451301575,-0.14032398164272308,0,-0.07240906357765198,0.4871954321861267,0.8702858090400696,0,0.4044373333454132,-0.783274233341217,0.47213518619537354,0,0,0.13116200268268585,0,1,0.8734579682350159,0.48686420917510986,0.005781348329037428,0,-0.4868743121623993,0.8734719753265381,0.00034545882954262197,0,-0.00488165533170104,-0.0031165345571935177,0.999983012676239,0,0,0.3452889919281006,0,1,0.9983227849006653,-0.0041814642027020454,-0.057737797498703,0,0.019535375759005547,0.963215172290802,0.2680213153362274,0,0.05449317768216133,-0.268699586391449,0.9616808891296387,0,0,0.2639949917793274,0,1,0.9913539290428162,-0.10358743369579315,-0.08054173737764359,0,0.12233056128025055,0.9516547322273254,0.28175970911979675,0,0.04746115952730179,-0.2891763150691986,0.9560985565185547,0,-0.035530999302864075,0.04332699999213219,0.01424499973654747,1,0.9930020570755005,-0.11580723524093628,0.02313453145325184,0,0.11496791988611221,0.992759108543396,0.03480996936559677,0,-0.026998262852430344,-0.03190664201974869,0.9991259574890137,0,-0.006643999833613634,0.04577299952507019,0,1,0.9809817671775818,0.19249513745307922,0.02489517629146576,0,-0.19076238572597504,0.9798358678817749,-0.05941792577505112,0,-0.03583088517189026,0.05353889986872673,0.9979230761528015,0,-0.0004349999944679439,0.04705600067973137,0,1,0.9684009552001953,-0.24627503752708435,-0.03935294970870018,0,0.24756251275539398,0.9301114082336426,0.27130255103111267,0,-0.03021242283284664,-0.27247199416160583,0.9616893529891968,0,-0.027233000844717026,0.10874100029468536,-0.006023999769240618,1,0.9982730150222778,-0.05382301285862923,-0.023521630093455315,0,0.05764036625623703,0.8205763697624207,0.5686226487159729,0,-0.011303700506687164,-0.5689968466758728,0.822262167930603,0,-0.0004529999860096723,0.046957001090049744,0,1,0.9996820092201233,0.023699410259723663,0.008567054755985737,0,-0.02494705095887184,0.9787704944610596,0.20343467593193054,0,-0.0035639028064906597,-0.20358389616012573,0.979051411151886,0,-0.0005000000237487257,0.04326599836349487,0,1,0.9693120718002319,-0.23901666700839996,-0.05748189613223076,0,0.24480904638767242,0.9172146916389465,0.3143034875392914,0,-0.02240053564310074,-0.3187302052974701,0.9475805759429932,0,0.027233000844717026,0.11088600009679794,-0.00814799964427948,1,0.9996370077133179,-0.025075217708945274,-0.00984796043485403,0,0.0269234087318182,0.9171600937843323,0.397609680891037,0,-0.00093799305614084,-0.39773043990135193,0.9175021052360535,0,-0.0004090000002179295,0.046144999563694,0,1,0.99993497133255,0.01054297760128975,0.004453008528798819,0,-0.011236235499382019,0.9782962203025818,0.20690478384494781,0,-0.0021749690640717745,-0.2069414108991623,0.9783512949943542,0,-0.00016999999934341758,0.043689001351594925,0,1,0.10940897464752197,-0.031511340290308,0.9934973120689392,0,-0.9783148765563965,-0.1802557408809662,0.10201968997716904,0,0.17586873471736908,-0.9831143021583557,-0.05054952949285507,0,-0.06398800015449524,0.1584469974040985,0.0003870000073220581,1,0.9178897738456726,-0.39102962613105774,0.06763829290866852,0,0.13075046241283417,0.45892953872680664,0.8787998557090759,0,-0.3746774196624756,-0.797796368598938,0.4723733365535736,0,0,0.13116200268268585,0,1,0.888900101184845,-0.45805782079696655,-0.006394402589648962,0,0.45806077122688293,0.8889200687408447,-0.0010249459883198142,0,0.0061535947024822235,-0.002017949242144823,0.9999790191650391,0,0,0.34526100754737854,0,1,0.9978381991386414,0.008126108907163143,-0.0652126595377922,0,-0.004605624824762344,0.9985331296920776,0.05395456403493881,0,0.0655554011464119,-0.05353754758834839,0.9964113235473633,0,0,0.26407599449157715,0,1,0.9583358764648438,0.15546530485153198,0.23963280022144318,0,-0.225363090634346,0.9269757270812988,0.2998794615268707,0,-0.17551283538341522,-0.3413894772529602,0.9233897924423218,0,0.034550998359918594,0.043115999549627304,0.013887999579310417,1,0.9986158013343811,0.0025404333136975765,0.05253219231963158,0,-0.00503343204036355,0.998863935470581,0.047378893941640854,0,-0.052352193742990494,-0.04757776856422424,0.9974948763847351,0,0.006328999996185303,0.045134998857975006,0,1,0.9649484753608704,-0.2613612413406372,-0.02375895529985428,0,0.2592604160308838,0.9633944034576416,-0.06822694092988968,0,0.04072113707661629,0.059675753116607666,0.9973869919776917,0,0.0016339999856427312,0.04668999835848808,0,1,0.9429715275764465,0.32617202401161194,0.06646541506052017,0,-0.332287073135376,0.9342126250267029,0.12974029779434204,0,-0.019775154069066048,-0.1444268524646759,0.9893174767494202,0,0.03078800067305565,0.11586099863052368,-0.007275999989360571,1,0.9995999932289124,0.025346403941512108,0.012509048916399479,0,-0.027631115168333054,0.783062756061554,0.6213291883468628,0,0.005953088868409395,-0.6214262247085571,0.7834497690200806,0,0.0002770000137388706,0.045444998890161514,0,1,0.999970018863678,-0.006827476900070906,-0.003578948089852929,0,0.007356295362114906,0.983944296836853,0.17832542955875397,0,0.0023039740044623613,-0.17834648489952087,0.9839653968811035,0,0.00011999999696854502,0.04074399918317795,0,1,0.9434980750083923,0.30067166686058044,0.13931488990783691,0,-0.32852059602737427,0.9037814140319824,0.27432170510292053,0,-0.043429456651210785,-0.3045898675918579,0.9514930844306946,0,-0.03078800067305565,0.12643200159072876,-0.00775500014424324,1,0.9997079968452454,-0.02403297647833824,-0.0027072899974882603,0,0.02161739207804203,0.8377643823623657,0.5456036925315857,0,-0.010844411328434944,-0.5455029010772705,0.8380393385887146,0,0.0005319999763742089,0.04125300049781799,0,1,0.9994991421699524,-0.014484659768640995,-0.028148675337433815,0,0.01792375184595585,0.9918631911277771,0.1260441094636917,0,0.02609390765428543,-0.1264854073524475,0.991625189781189,0,-0.000056000000768108293,0.0401649996638298,0,1,-0.9963460564613342,-0.02326258458197117,0.08217877894639969,0,0.03242986649274826,-0.993174135684967,0.11204320192337036,0,0.07901138812303543,0.11429879814386368,0.9902991056442261,0,0.10186699777841568,-0.06425800174474716,0.006632000207901001,1,0.9865518808364868,0.10833290964365005,0.122393399477005,0,-0.039400309324264526,0.8843457698822021,-0.46516653895378113,0,-0.1586308628320694,0.45408836007118225,0.8767209649085999,0,0,0.39703500270843506,0,1,0.9573912620544434,-0.14687122404575348,0.24865961074829102,0,-0.17845547199249268,0.3760974407196045,0.9092332124710083,0,-0.22706030309200287,-0.914866030216217,0.33386218547821045,0,0,0.3259910047054291,0,1,0.9636929631233215,-0.001616867957636714,0.2670084834098816,0,-0.16724178194999695,0.7758779525756836,0.6083110570907593,0,-0.20814961194992065,-0.6308801770210266,0.7474378943443298,0,0,0.15030300617218018,0,1,-0.9723092913627625,0.07697591185569763,-0.2206563502550125,0,-0.11023072153329849,-0.9836246967315674,0.14258801937103271,0,-0.20606714487075806,0.16296271979808807,0.9648721814155579,0,-0.10186699777841568,-0.06425800174474716,0.006587999872863293,1,0.9965096116065979,-0.06879989802837372,-0.04727129638195038,0,0.03917074576020241,0.8854851722717285,-0.4630139172077179,0,0.07371339946985245,0.4595464766025543,0.8850899934768677,0,0,0.39934301376342773,0,1,0.9603852033615112,0.1467905342578888,-0.2368813455104828,0,0.15549425780773163,0.4231330156326294,0.8926255106925964,0,0.23126119375228882,-0.8940976858139038,0.383545458316803,0,0,0.3274509906768799,0,1,0.9541641473770142,0,-0.29928362369537354,0,0.1865074187517166,0.782078206539154,0.5946166515350342,0,0.23406338691711426,-0.6231803894042969,0.7462306022644043,0,0,0.151636004447937,0,1
K0.067,0.9996709227561951,-0.012263518758118153,0.022518709301948547,0,0.013368281535804272,0.9986806511878967,-0.04958292096853256,0,-0.02188093587756157,0.049867626279592514,0.998515784740448,0,0.0012483443133533,0.8614794611930847,-0.004592281766235828,1,0.9999529123306274,-0.009469752199947834,0.002054153010249138,0,0.009417902678251266,0.9996689558029175,0.023930732160806656,0,-0.002280093263834715,-0.02391028217971325,0.9997119903564453,0,0,0.11548200249671936,0.00025599999935366213,1,0.9990622401237488,0.0011455131461843848,0.043285395950078964,0,-0.0022744587622582912,0.9996578693389893,0.026041217148303986,0,-0.043240759521722794,-0.02611524797976017,0.9987230896949768,0,0,0.13472899794578552,0,1,0.9990642070770264,0.002165461890399456,0.04320907965302467,0,-0.0032887489069253206,0.999657928943634,0.02594246342778206,0,-0.04313810169696808,-0.026060277596116066,0.9987290501594543,0,0,0.15397599339485168,0,1,0.9997040629386902,-0.01613568514585495,-0.018216589465737343,0,0.01614120788872242,0.9998700618743896,0.00015607697423547506,0,0.018211692571640015,-0.00045006824075244367,0.9998340010643005,0,0,0.17322300374507904,0,1,0.9977557063102722,0.06484648585319519,0.016708817332983017,0,-0.06627850234508514,0.9919220805168152,0.10815204679965973,0,-0.009560570120811462,-0.10901682078838348,0.993994414806366,0,0,0.05115300044417381,0.016683999449014664,1,-0.0798419788479805,-0.0014214314287528396,-0.996806800365448,0,0.9724315404891968,-0.219908207654953,-0.07757596671581268,0,-0.2190956324338913,-0.9755198359489441,0.018940111622214317,0,0.06398800015449524,0.15844500064849854,-0.0003209999995306134,1,0.912111759185791,0.38526201248168945,-0.14008909463882446,0,-0.07216612249612808,0.48729464411735535,0.8702501654624939,0,0.4035390615463257,-0.7836558818817139,0.4722701609134674,0,0,0.13116200268268585,0,1,0.8737537860870361,0.4863339960575104,0.005781032610684633,0,-0.4863438010215759,0.8737673163414001,0.0003460391017142683,0,-0.004882986191660166,-0.0031139219645410776,0.999983012676239,0,0,0.3452889919281006,0,1,0.998257577419281,-0.004325503017753363,-0.05885015055537224,0,0.019963208585977554,0.963259220123291,0.26783013343811035,0,0.05552943795919418,-0.2685382664203644,0.961667001247406,0,0,0.2639949917793274,0,1,0.9913370609283447,-0.10373112559318542,-0.0805680900812149,0,0.12249137461185455,0.951542317867279,0.28206801414489746,0,0.047404710203409195,-0.2894933521747589,0.9560052752494812,0,-0.035530999302864075,0.04332699999213219,0.01424499973654747,1,0.9930251240730286,-0.11552678048610687,0.023572221398353577,0,0.11467450857162476,0.9927941560745239,0.03477153927087784,0,-0.02741939388215542,-0.03182585909962654,0.9991169571876526,0,-0.006643999833613634,0.04577299952507019,0,1,0.98093581199646,0.19272808730602264,0.02490006946027279,0,-0.19099558889865875,0.9797917008399963,-0.05939575657248497,0,-0.03584415093064308,0.05350767821073532,0.9979240298271179,0,-0.0004349999944679439,0.04705600067973137,0,1,0.9683777689933777,-0.24636119604110718,-0.03936435282230377,0,0.2476315200328827,0.9299340844154358,0.27184951305389404,0,-0.030366916209459305,-0.27300089597702026,0.9615342617034912,0,-0.027233000844717026,0.10874100029468536,-0.006023999769240618,1,0.9982799291610718,-0.05373600125312805,-0.023444736376404762,0,0.05753855034708977,0.8212623596191406,0.5676422119140625,0,-0.011248546652495861,-0.5680148005485535,0.8229416012763977,0,-0.0004529999860096723,0.046957001090049744,0,1,0.9996809959411621,0.023771444335579872,0.008559330366551876,0,-0.025013573467731476,0.9789080619812012,0.2027655392885208,0,-0.0035587663296610117,-0.20291489362716675,0.9791900515556335,0,-0.0005000000237487257,0.04326599836349487,0,1,0.9693605303764343,-0.23884741961956024,-0.057373758405447006,0,0.24458181858062744,0.9168079495429993,0.3156623840332031,0,-0.022794445976614952,-0.32002344727516174,0.947135865688324,0,0.027233000844717026,0.11088600009679794,-0.00814799964427948,1,0.9996389150619507,-0.02502129226922989,-0.00982019491493702,0,0.02686363086104393,0.9174853563308716,0.39686205983161926,0,-0.0009201167267747223,-0.39698219299316406,0.9178253412246704,0,-0.0004090000002179295,0.046144999563694,0,1,0.9999340176582336,0.010576672852039337,0.004450574051588774,0,-0.011267764493823051,0.9783852696418762,0.20648133754730225,0,-0.0021704910323023796,-0.20651791989803314,0.9784401655197144,0,-0.00016999999934341758,0.043689001351594925,0,1,0.11119194328784943,-0.03184206783771515,0.9932886958122253,0,-0.9779788851737976,-0.18113476037979126,0.10367143899202347,0,0.17661802470684052,-0.9829428791999817,-0.05128160119056702,0,-0.06398800015449524,0.1584469974040985,0.0003870000073220581,1,0.9175061583518982,-0.3918462097644806,0.06810660660266876,0,0.13057193160057068,0.4585191011428833,0.8790399432182312,0,-0.3756766617298126,-0.7976318597793579,0.47185826301574707,0,0,0.13116200268268585,0,1,0.888615071773529,-0.45860859751701355,-0.006394175812602043,0,0.45861196517944336,0.8886358737945557,-0.001026381622068584,0,0.006152804009616375,-0.0020203881431370974,0.9999790191650391,0,0,0.34526100754737854,0,1,0.9975832104682922,0.007239482831209898,-0.06910205632448196,0,-0.003562761703506112,0.9985782504081726,0.05318276956677437,0,0.06938887387514114,-0.05280807986855507,0.9961913228034973,0,0,0.26407599449157715,0,1,0.9585955739021301,0.15495029091835022,0.23892413079738617,0,-0.22475337982177734,0.9268814325332642,0.3006269335746765,0,-0.17487214505672455,-0.3418787121772766,0.9233301281929016,0,0.034550998359918594,0.043115999549627304,0.013887999579310417,1,0.9985671043395996,0.0035846803802996874,0.05339847505092621,0,-0.006131511647254229,0.9988477826118469,0.047607652842998505,0,-0.053166262805461884,-0.0478668250143528,0.9974380135536194,0,0.006328999996185303,0.045134998857975006,0,1,0.9650875926017761,-0.26084551215171814,-0.02379772625863552,0,0.2587452232837677,0.9635367393493652,-0.06817463785409927,0,0.040713001042604446,0.05963690206408501,0.9973890781402588,0,0.0016339999856427312,0.04668999835848808,0,1,0.9424768686294556,0.32750204205513,0.06693876534700394,0,-0.3337400555610657,0.9332153797149658,0.13314150273799896,0,-0.01886414736509323,-0.1478227823972702,0.9888333678245544,0,0.03078800067305565,0.11586099863052368,-0.007275999989360571,1,0.9996030330657959,0.025278648361563683,0.012449788860976696,0,-0.02755228988826275,0.7842274308204651,0.6198614835739136,0,0.005905793979763985,-0.6199583411216736,0.7846124768257141,0,0.0002770000137388706,0.045444998890161514,0,1,0.9999690055847168,-0.006950510200113058,-0.0035690346267074347,0,0.007470208685845137,0.9843602776527405,0.1760057508945465,0,0.002289887284860015,-0.1760270595550537,0.9843822121620178,0,0.00011999999696854502,0.04074399918317795,0,1,0.943157434463501,0.3018725514411926,0.13902026414871216,0,-0.32923394441604614,0.9057652950286865,0.2668229043483734,0,-0.045373208820819855,-0.29742613434791565,0.9536657333374023,0,-0.03078800067305565,0.12643200159072876,-0.00775500014424324,1,0.9997060298919678,-0.024107499048113823,-0.0027735503390431404,0,0.02165655605494976,0.8347719311714172,0.5501695275306702,0,-0.010947921313345432,-0.5500674247741699,0.8350479602813721,0,0.0005319999763742089,0.04125300049781799,0,1,0.9995322227478027,-0.014633268117904663,-0.02685214951634407,0,0.017901752144098282,0.9918901324272156,0.12582914531230927,0,0.024793095886707306,-0.1262510120868683,0.9916883707046509,0,-0.000056000000768108293,0.0401649996638298,0,1,-0.9963775277137756,-0.023045705631375313,0.08186116069555283,0,0.03216630592942238,-0.9931976199150085,0.11190711706876755,0,0.07872535288333893,0.11413493007421494,0.9903413653373718,0,0.10186699777841568,-0.06425800174474716,0.006632000207901001,1,0.9868162274360657,0.10675320774316788,0.12164876610040665,0,-0.03797314688563347,0.8833590745925903,-0.46715548634529114,0,-0.15732991695404053,0.4563772976398468,0.875766932964325,0,0,0.39703500270843506,0,1,0.9572049379348755,-0.14522512257099152,0.2503370940685272,0,-0.18119443953037262,0.37376269698143005,0.9096533060073853,0,-0.22567114233970642,-0.9160841107368469,0.33145344257354736,0,0,0.3259910047054291,0,1,0.9636898636817932,-0.0016419219318777323,0.26702046394348145,0,-0.16724370419979095,0.7758398056030273,0.6083613038063049,0,-0.208163782954216,-0.6309285163879395,0.7473936080932617,0,0,0.15030300617218018,0,1,-0.9720579385757446,0.07781482487916946,-0.2214706838130951,0,-0.11082183569669724,-0.9838247299194336,0.1407368779182434,0,-0.20693695545196533,0.16134822368621826,0.9649583101272583,0,-0.10186699777841568,-0.06425800174474716,0.006587999872863293,1,0.9963845610618591,-0.0698864683508873,-0.04830004274845123,0,0.03982169181108475,0.8864402770996094,-0.46112707257270813,0,0.07504165172576904,0.4575364887714386,0.8860183954238892,0,0,0.39934301376342773,0,1,0.960733950138092,0.14828985929489136,-0.23452311754226685,0,0.15229308605194092,0.4247168004512787,0.8924253582954407,0,0.23194336891174316,-0.8930989503860474,0.38545605540275574,0,0,0.3274509906768799,0,1,0.9541639685630798,0,-0.29928305745124817,0,0.18650713562965393,0.782077968120575,0.5946159958839417,0,0.23406292498111725,-0.6231800317764282,0.7462310194969177,0,0,0.151636004447937,0,1
