4.233,30,127,49
B0,mixamorig_Hips,-1,0.9990739822387695,0.03782203048467636,0.02051628939807415,0,-0.03392702341079712,0.9857050180435181,-0.16502788662910461,0,-0.026464713737368584,0.16417910158634186,0.9860759377479553,0,-0.0014560000272467732,0.5198040008544922,0.01447299961000681,1
B1,mixamorig_Spine,0,0.9977750778198242,-0.06661487370729446,-0.00263057928532362,0,0.06487023830413818,0.9610319137573242,0.2687191069126129,0,-0.015372619964182377,-0.2682918608188629,0.9632149934768677,0,0,0.11168400198221207,-0.009050000458955765,1
B2,mixamorig_Spine1,1,0.9999759793281555,-0.006854841485619545,0.0010471155401319265,0,0.006808162666857243,0.9991970062255859,0.03947803005576134,0,-0.0013168907025828958,-0.039469968527555466,0.9992200136184692,0,0,0.13072499632835388,0,1
B3,mixamorig_Spine2,2,0.9999750256538391,-0.006927878595888615,0.0010981782106682658,0,0.00687912805005908,0.9991969466209412,0.03948226198554039,0,-0.00137082498986274,-0.03947373852133751,0.9992200136184692,0,0,0.149399995803833,0,1
B4,mixamorig_Neck,3,0.9999639987945557,0.001870916225016117,-0.008260811679065228,0,-0.0009880636353045702,0.9944069981575012,0.10560998320579529,0,0.00841219536960125,-0.10559801757335663,0.9943730235099792,0,0,0.16807499527931213,0,1
B5,mixamorig_Head,4,0.9965599775314331,0.04612879082560539,-0.06884519755840302,0,-0.064250148832798,0.9547730088233948,-0.2903122007846832,0,0.052339766174554825,0.2937367856502533,0.9544520974159241,0,0,0.0061039999127388,0.0017030000453814864,1
B6,mixamorig_HeadTop_End,5,1,0,0,0,0,1,0,0,0,0,1,0,0,0.37451401352882385,0.10445500165224075,1
B7,mixamorig_LeftShoulder,3,0.22415201365947723,0.03463101014494896,-0.9739391207695007,0,0.8905041813850403,-0.4132869839668274,0.19025401771068573,0,-0.3959272801876068,-0.9099418520927429,-0.12347812950611115,0,0.07132100313901901,0.14723099768161774,-0.0013689999468624592,1
B8,mixamorig_LeftArm,7,0.9365619421005249,0.2872280478477478,0.2008751928806305,0,-0.3499698340892792,0.7347920536994934,0.5810350775718689,0,0.019288096576929092,-0.6144759654998779,0.7886999845504761,0,0,0.14694300293922424,0,1
B9,mixamorig_LeftForeArm,8,0.5469599366188049,0.835442066192627,0.05358576029539108,0,-0.8366169333457947,0.5431820750236511,0.0708928182721138,0,0.030120020732283592,-0.0836063027381897,0.9960439205169678,0,0,0.33110299706459045,0,1
B10,mixamorig_LeftHand,9,0.7969919443130493,0.28350940346717834,-0.533315896987915,0,-0.36448657512664795,0.9298442006111145,-0.05038907378911972,0,0.4816150367259979,0.2345462292432785,0.8444139361381531,0,0,0.2636969983577728,0,1
B11,mixamorig_LeftHandThumb1,10,0.9377699494361877,0.22465184330940247,-0.2648014426231384,0,-0.09378927946090698,0.8980628848075867,0.4297511577606201,0,0.33435267210006714,-0.3781720697879791,0.8632460832595825,0,-0.03330399841070175,0.04249899834394455,0.013031999580562115,1
B12,mixamorig_LeftHandThumb2,11,0.9454140663146973,-0.32370996475219727,-0.037481196224689484,0,0.32215601205825806,0.911107063293457,0.25709912180900574,0,-0.0490761399269104,-0.2551397979259491,0.9656580686569214,0,-0.005801999941468239,0.04405499994754791,0,1
B13,mixamorig_LeftHandThumb3,12,0.9816129803657532,0.18135905265808105,-0.059537895023822784,0,-0.1827959418296814,0.9829550385475159,-0.01960206963121891,0,0.05496811494231224,0.030124958604574203,0.9980340600013733,0,-0.0008570000063627958,0.048542000353336334,0,1
B14,mixamorig_LeftHandThumb4,13,1,0,0,0,0,1,0,0,0,0,1,0,0.006657999940216541,0.03583800047636032,0,1
B15,mixamorig_LeftHandIndex1,10,0.9366940855979919,-0.3487856984138489,-0.030874019488692284,0,0.23213015496730804,0.552545964717865,0.8005049824714661,0,-0.2621452808380127,-0.756994903087616,0.598530113697052,0,-0.0277670007199049,0.11156299710273743,-0.0023719999007880688,1
B16,mixamorig_LeftHandIndex2,15,0.9979499578475952,-0.061344075947999954,-0.018262237310409546,0,0.06139179691672325,0.8367258310317993,0.5441703200340271,0,-0.018101129680871964,-0.5441756248474121,0.838776171207428,0,0.00019700000120792538,0.04518600180745125,0,1
B17,mixamorig_LeftHandIndex3,16,0.9998490214347839,-0.017147719860076904,-0.002701900666579604,0,0.01731429435312748,0.9739059209823608,0.22629015147686005,0,-0.0012489636428654194,-0.226302832365036,0.97405606508255,0,-0.00021300000662449747,0.04158100113272667,0,1
B18,mixamorig_LeftHandIndex4,17,1,0,0,0,0,1,0,0,0,0,1,0,0.00001700000029813964,0.02915799990296364,0,1
B19,mixamorig_LeftHandMiddle1,10,0.9533509612083435,-0.30138111114501953,-0.017076266929507256,0,0.23242472112178802,0.6967740654945374,0.6785910725593567,0,-0.1926160752773285,-0.6509038805961609,0.7343180775642395,0,0.0277670007199049,0.10746400058269501,-0.003360999980941415,1
B20,mixamorig_LeftHandMiddle2,19,0.9992939829826355,-0.03685297071933746,-0.007310016546398401,0,0.03521500900387764,0.8509178161621094,0.5241162180900574,0,-0.01309501938521862,-0.5240037441253662,0.8516151309013367,0,0.0000940000027185306,0.048544999212026596,0,1
B21,mixamorig_LeftHandMiddle3,20,0.9987900257110596,-0.048279400914907455,-0.009353158064186573,0,0.04843056946992874,0.9326611161231995,0.357488751411438,0,-0.008536014705896378,-0.35750919580459595,0.9338709115982056,0,0.00029299999005161226,0.04197299852967262,0,1
B22,mixamorig_LeftHandMiddle4,21,1,0,0,0,0,1,0,0,0,0,1,0,-0.0003859999997075647,0.028812000527977943,0,1
B23,mixamorig_RightShoulder,3,0.25705718994140625,-0.02866704948246479,0.9659708738327026,0,-0.8466041088104248,-0.48870179057121277,0.21078896522521973,0,0.46602916717529297,-0.8719799518585205,-0.14989395439624786,0,-0.07132100313901901,0.14728300273418427,-0.002004999900236726,1
B24,mixamorig_RightArm,23,0.8137050867080688,-0.5347988605499268,-0.2277592420578003,0,0.5716619491577148,0.6652809381484985,0.48021218180656433,0,-0.10529308766126633,-0.5209527015686035,0.8470671772956848,0,0,0.14694300293922424,0,1
B25,mixamorig_RightForeArm,24,0.7930489778518677,-0.6083329916000366,-0.03168121725320816,0,0.6091079711914062,0.7912490367889404,0.05396203696727753,0,-0.0077591524459421635,-0.06209184229373932,0.9980400204658508,0,0,0.33115899562835693,0,1
B26,mixamorig_RightHand,25,0.8494570851325989,-0.34543126821517944,0.3988736867904663,0,0.2890468239784241,0.9370490908622742,0.19593477249145508,0,-0.4414462745189667,-0.05114500969648361,0.895828902721405,0,0,0.26368600130081177,0,1
B27,mixamorig_RightHandThumb1,26,0.9382569193840027,-0.1205526813864708,0.32425540685653687,0,0.07234223932027817,0.9849668741226196,0.15686644613742828,0,-0.33829158544540405,-0.12372370064258575,0.9328731894493103,0,0.03561900183558464,0.04505300149321556,0.014945999719202518,1
B28,mixamorig_RightHandThumb2,27,0.9687769412994385,0.16075639426708221,0.18875615298748016,0,-0.2255576252937317,0.8875159025192261,0.4017944037914276,0,-0.1029331162571907,-0.431824654340744,0.8960651755332947,0,0.009889000095427036,0.046434998512268066,0,1
B29,mixamorig_RightHandThumb3,28,0.9117739200592041,-0.19773879647254944,-0.3599560558795929,0,0.25740018486976624,0.9580969214439392,0.1256759911775589,0,0.3200218677520752,-0.20724090933799744,0.9244660139083862,0,-0.000666000007186085,0.046466998755931854,0,1
B30,mixamorig_RightHandThumb4,29,1,0,0,0,0,1,0,0,0,0,1,0,-0.009223000146448612,0.02739799953997135,0,1
B31,mixamorig_RightHandIndex1,26,0.9391661286354065,0.3409929871559143,0.041125696152448654,0,-0.2656582295894623,0.6452939510345459,0.7162550091743469,0,0.2176998406648636,-0.6836079955101013,0.6966260671615601,0,0.024302000179886818,0.10767599940299988,-0.0027620000764727592,1
B32,mixamorig_RightHandIndex2,31,0.99652099609375,0.0794781893491745,0.025076784193515778,0,-0.07918398827314377,0.8091050386428833,0.5823040008544922,0,0.025990726426243782,-0.5822640657424927,0.8125839233398438,0,-0.00023400000645779073,0.04715700075030327,0,1
B33,mixamorig_RightHandIndex3,32,0.9991730451583862,0.04002220183610916,0.007224941626191139,0,-0.0402868278324604,0.9497370719909668,0.31044483184814453,0,0.005562890321016312,-0.31047913432121277,0.950563907623291,0,0.00010699999984353781,0.042552001774311066,0,1
B34,mixamorig_RightHandIndex4,33,1,0,0,0,0,1,0,0,0,0,1,0,0.00012700000661425292,0.02932400070130825,0,1
B35,mixamorig_RightHandMiddle1,26,0.9501340985298157,0.31127676367759705,0.018788747489452362,0,-0.24065837264060974,0.6935970783233643,0.6789737939834595,0,0.1983170509338379,-0.6496381163597107,0.7339218854904175,0,-0.024302000179886818,0.10817400366067886,-0.006271000020205975,1
B36,mixamorig_RightHandMiddle2,35,0.9986550211906433,0.05046605318784714,0.01188891101628542,0,-0.0504399910569191,0.8925890326499939,0.4480399787425995,0,0.011998900212347507,-0.4480370581150055,0.8939340114593506,0,0.000052999999752501026,0.04823099821805954,0,1
B37,mixamorig_RightHandMiddle3,36,0.9998189806938171,0.019011981785297394,0.0007023821817710996,0,-0.01899298094213009,0.9953190088272095,0.0947548970580101,0,0.0011023841798305511,-0.09475108981132507,0.9955000281333923,0,-0.00011899999663000926,0.04431900009512901,0,1
B38,mixamorig_RightHandMiddle4,37,1,0,0,0,0,1,0,0,0,0,1,0,0.00006500000017695129,0.019222000613808632,0,1
B39,mixamorig_LeftUpLeg,0,-0.9673801064491272,-0.02823171764612198,0.25174975395202637,0,0.25171831250190735,-0.21896706521511078,0.9427039623260498,0,0.028510773554444313,0.9753239750862122,0.21893098950386047,0,0.0897890031337738,-0.062185999006032944,-0.016467999666929245,1
B40,mixamorig_LeftLeg,39,0.9757699966430664,-0.18164779245853424,0.12197132408618927,0,0.13032971322536469,0.034766148775815964,-0.9908609390258789,0,0.17574723064899445,0.9827488660812378,0.057597868144512177,0,0,0.3986560106277466,0,1
B41,mixamorig_LeftFoot,40,0.9813659191131592,0.10659217089414597,-0.15987330675125122,0,0.05045493319630623,0.6598808169364929,0.7496742606163025,0,0.1854066699743271,-0.7437708973884583,0.6422062516212463,0,0,0.3349359929561615,0,1
B42,mixamorig_LeftToeBase,41,0.9672940373420715,0.0000010579882427919074,-0.2536576986312866,0,0.16739825904369354,0.7513171434402466,0.6383568644523621,0,0.1905781775712967,-0.6599411368370056,0.7267449498176575,0,0,0.15895000100135803,0,1
B43,mixamorig_LeftToe_End,42,1,0,0,0,0,1,0,0,0,0,1,0,0,0.06252100318670273,0,1
B44,mixamorig_RightUpLeg,0,-0.9881688356399536,0.004130719695240259,-0.15331019461154938,0,-0.15123887360095978,-0.1921522617340088,0.969640851020813,0,-0.025453612208366394,0.9813559651374817,0.19050386548042297,0,-0.0897890031337738,-0.062185999006032944,-0.0193099994212389,1
B45,mixamorig_RightLeg,44,0.9872589111328125,-0.14852099120616913,-0.05710786208510399,0,-0.06132018566131592,-0.023935360834002495,-0.9978309869766235,0,0.14683203399181366,0.9886199831962585,-0.03273775428533554,0,0,0.3985320031642914,0,1
B46,mixamorig_RightFoot,45,0.9850710034370422,-0.11797379702329636,0.12536634504795074,0,-0.030111568048596382,0.5989411473274231,0.8002258539199829,0,-0.1694929301738739,-0.7920551300048828,0.5864478349685669,0,0,0.3349260091781616,0,1
B47,mixamorig_RightToeBase,46,0.9671561121940613,-0.0007969337748363614,0.25418370962142944,0,-0.16839616000652313,0.7470539212226868,0.64308100938797,0,-0.19040130078792572,-0.6647629141807556,0.7223830819129944,0,0,0.15814700722694397,0,1
B48,mixamorig_RightToe_End,47,1,0,0,0,0,1,0,0,0,0,1,0,0,0.062116000801324844,0,1
@40,0,1,2,3,4,5,7,8,9,10,11,12,13,15,16,17,19,20,21,23,24,25,26,27,28,29,31,32,33,35,36,37,39,40,41,42,44,45,46,47
K0,0.9990739822387695,0.03782200440764427,0.0205162912607193,0,-0.03392699733376503,0.9857050180435181,-0.16502788662910461,0,-0.026464711874723434,0.16417910158634186,0.9860759377479553,0,-0.0014560000272467732,0.5198040008544922,0.01447299961000681,1,0.9977750778198242,-0.06661481410264969,-0.00263059139251709,0,0.06487017869949341,0.9610319137573242,0.2687191069126129,0,-0.015372591093182564,-0.2682918608188629,0.9632149934768677,0,0,0.11168400198221207,-0.009050000458955765,1,0.9999759793281555,-0.006854839622974396,0.001047112513333559,0,0.006808160804212093,0.9991970062255859,0.03947803005576134,0,-0.0013168876757845283,-0.039469968527555466,0.9992200136184692,0,0,0.13072499632835388,0,1,0.9999750256538391,-0.0069278753362596035,0.001098176697269082,0,0.006879124790430069,0.9991969466209412,0.03948226198554039,0,-0.0013708234764635563,-0.03947373852133751,0.9992200136184692,0,0,0.149399995803833,0,1,0.9999639987945557,0.0018709261203184724,-0.008260807022452354,0,-0.000988073879852891,0.9944069981575012,0.10560998320579529,0,0.008412192575633526,-0.10559801757335663,0.9943730235099792,0,0,0.16807499527931213,0,1,0.9965599775314331,0.04612882062792778,-0.0688452199101448,0,-0.06425017863512039,0.9547730088233948,-0.2903122007846832,0,0.05233978107571602,0.2937367856502533,0.9544520974159241,0,0,0.0061039999127388,0.0017030000453814864,1,0.22415229678153992,0.03463100641965866,-0.9739389419555664,0,0.8905041217803955,-0.4132867455482483,0.19025421142578125,0,-0.3959271013736725,-0.9099418520927429,-0.12347809225320816,0,0.07132100313901901,0.14723099768161774,-0.0013689999468624592,1,0.9365619421005249,0.2872281074523926,0.2008751630783081,0,-0.34996986389160156,0.7347920536994934,0.5810350775718689,0,0.019288163632154465,-0.6144759654998779,0.7886999845504761,0,0,0.14694300293922424,0,1,0.5469599366188049,0.8354420065879822,0.05358585715293884,0,-0.8366169333457947,0.5431820750236511,0.07089269161224365,0,0.03011985868215561,-0.0836063101887703,0.9960439205169678,0,0,0.33110299706459045,0,1,0.7969918847084045,0.2835094630718231,-0.533315896987915,0,-0.36448657512664795,0.9298442006111145,-0.05038891360163689,0,0.4816151261329651,0.23454609513282776,0.8444139361381531,0,0,0.2636969983577728,0,1,0.9377700090408325,0.2246517539024353,-0.2648014426231384,0,-0.0937892496585846,0.8980629444122314,0.42975109815597534,0,0.33435261249542236,-0.37817201018333435,0.8632461428642273,0,-0.03330399841070175,0.04249899834394455,0.013031999580562115,1,0.9454140663146973,-0.32371002435684204,-0.03748118877410889,0,0.32215607166290283,0.9111070036888123,0.2570991814136505,0,-0.04907618463039398,-0.2551398277282715,0.9656580090522766,0,-0.005801999941468239,0.04405499994754791,0,1,0.9816129803657532,0.18135906755924225,-0.059537891298532486,0,-0.1827959567308426,0.9829550385475159,-0.019602058455348015,0,0.05496811121702194,0.030124947428703308,0.9980340600013733,0,-0.0008570000063627958,0.048542000353336334,0,1,0.9366940855979919,-0.3487856984138489,-0.030874205753207207,0,0.2321302741765976,0.5525458455085754,0.8005049824714661,0,-0.26214519143104553,-0.7569949626922607,0.5985299944877625,0,-0.0277670007199049,0.11156299710273743,-0.0023719999007880688,1,0.9979499578475952,-0.06134415417909622,-0.01826220378279686,0,0.06139184534549713,0.8367258310317993,0.5441703200340271,0,-0.018101200461387634,-0.5441756248474121,0.838776171207428,0,0.00019700000120792538,0.04518600180745125,0,1,0.9998490214347839,-0.017147710546851158,-0.0027019314002245665,0,0.01731429062783718,0.9739059209823608,0.22629016637802124,0,-0.0012489313958212733,-0.2263028472661972,0.97405606508255,0,-0.00021300000662449747,0.04158100113272667,0,1,0.9533509612083435,-0.3013812303543091,-0.01707620359957218,0,0.2324247658252716,0.6967740058898926,0.6785911321640015,0,-0.19261620938777924,-0.6509038805961609,0.7343180179595947,0,0.0277670007199049,0.10746400058269501,-0.003360999980941415,1,0.9992939829826355,-0.03685297816991806,-0.007310019806027412,0,0.03521501645445824,0.8509178161621094,0.5241162180900574,0,-0.01309501938521862,-0.5240037441253662,0.8516151309013367,0,0.0000940000027185306,0.048544999212026596,0,1,0.9987900257110596,-0.04827943071722984,-0.009353090077638626,0,0.04843057319521904,0.9326611161231995,0.3574887812137604,0,-0.008536090143024921,-0.35750922560691833,0.9338708519935608,0,0.00029299999005161226,0.04197299852967262,0,1,0.2570573389530182,-0.028667030856013298,0.9659708738327026,0,-0.8466041088104248,-0.48870185017585754,0.21078917384147644,0,0.4660291373729706,-0.8719800114631653,-0.1498940885066986,0,-0.07132100313901901,0.14728300273418427,-0.002004999900236726,1,0.8137050271034241,-0.5347989201545715,-0.2277592271566391,0,0.5716620087623596,0.665280818939209,0.4802122712135315,0,-0.10529322922229767,-0.5209527611732483,0.84706711769104,0,0,0.14694300293922424,0,1,0.7930489778518677,-0.6083329916000366,-0.031681206077337265,0,0.6091079711914062,0.7912490367889404,0.053962111473083496,0,-0.007759206462651491,-0.0620918944478035,0.9980400204658508,0,0,0.33115899562835693,0,1,0.8494570851325989,-0.34543126821517944,0.3988736867904663,0,0.2890467643737793,0.9370490908622742,0.19593487679958344,0,-0.44144630432128906,-0.051145125180482864,0.8958288431167603,0,0,0.26368600130081177,0,1,0.9382568597793579,-0.12055271118879318,0.32425540685653687,0,0.07234229147434235,0.9849668741226196,0.1568663865327835,0,-0.33829158544540405,-0.12372361868619919,0.9328731894493103,0,0.03561900183558464,0.04505300149321556,0.014945999719202518,1,0.9687769412994385,0.1607564240694046,0.1887560337781906,0,-0.2255575954914093,0.8875159621238708,0.4017943739891052,0,-0.10293298959732056,-0.43182462453842163,0.8960651755332947,0,0.009889000095427036,0.046434998512268066,0,1,0.9117739200592041,-0.19773879647254944,-0.3599560856819153,0,0.25740018486976624,0.9580969214439392,0.12567605078220367,0,0.3200218677520752,-0.2072409689426422,0.9244660139083862,0,-0.000666000007186085,0.046466998755931854,0,1,0.9391661286354065,0.34099283814430237,0.04112572222948074,0,-0.2656581401824951,0.6452940106391907,0.7162549495697021,0,0.21769972145557404,-0.6836079955101013,0.6966260671615601,0,0.024302000179886818,0.10767599940299988,-0.0027620000764727592,1,0.99652099609375,0.07947812229394913,0.02507672645151615,0,-0.0791838988661766,0.8091050386428833,0.5823039412498474,0,0.02599072828888893,-0.5822640061378479,0.8125839829444885,0,-0.00023400000645779073,0.04715700075030327,0,1,0.9991730451583862,0.040022190660238266,0.007224913686513901,0,-0.04028680920600891,0.9497370719909668,0.31044483184814453,0,0.00556291313841939,-0.31047913432121277,0.950563907623291,0,0.00010699999984353781,0.042552001774311066,0,1,0.9501340985298157,0.3112766146659851,0.018788859248161316,0,-0.24065834283828735,0.6935970783233643,0.6789737939834595,0,0.19831687211990356,-0.6496381163597107,0.7339218854904175,0,-0.024302000179886818,0.10817400366067886,-0.006271000020205975,1,0.9986550211906433,0.05046603083610535,0.01188889890909195,0,-0.05043996497988701,0.8925890326499939,0.4480399489402771,0,0.011998899281024933,-0.4480370283126831,0.8939340114593506,0,0.000052999999752501026,0.04823099821805954,0,1,0.9998189806938171,0.019012000411748886,0.0007023841026239097,0,-0.01899299956858158,0.9953190088272095,0.0947549045085907,0,0.0011023841798305511,-0.09475109726190567,0.9955000281333923,0,-0.00011899999663000926,0.04431900009512901,0,1,-0.9673799276351929,-0.02823149971663952,0.2517499327659607,0,0.2517184615135193,-0.21896693110466003,0.9427038431167603,0,0.028511011973023415,0.9753239154815674,0.2189309298992157,0,0.0897890031337738,-0.062185999006032944,-0.016467999666929245,1,0.9757699370384216,-0.18164807558059692,0.12197152525186539,0,0.1303299218416214,0.034766074270009995,-0.9908609986305237,0,0.17574751377105713,0.9827488660812378,0.057597868144512177,0,0,0.3986560106277466,0,1,0.981365978717804,0.10659205168485641,-0.159873366355896,0,0.05045505240559578,0.6598808765411377,0.7496741414070129,0,0.1854066252708435,-0.7437708973884583,0.6422063112258911,0,0,0.3349359929561615,0,1,0.9672940373420715,0.000001181069251288136,-0.253657728433609,0,0.16739819943904877,0.7513170838356018,0.6383569240570068,0,0.19057828187942505,-0.6599411368370056,0.7267448902130127,0,0,0.15895000100135803,0,1,-0.9881690144538879,0.004130832385271788,-0.15331046283245087,0,-0.15123915672302246,-0.19215227663516998,0.9696409106254578,0,-0.025453537702560425,0.9813560843467712,0.19050370156764984,0,-0.0897890031337738,-0.062185999006032944,-0.0193099994212389,1,0.9872589111328125,-0.14852114021778107,-0.057107821106910706,0,-0.06132013723254204,-0.02393537014722824,-0.9978310465812683,0,0.1468321979045868,0.9886201024055481,-0.032737765461206436,0,0,0.3985320031642914,0,1,0.9850710034370422,-0.11797361075878143,0.12536625564098358,0,-0.030111607164144516,0.5989411473274231,0.8002258539199829,0,-0.1694927215576172,-0.7920551896095276,0.5864478349685669,0,0,0.3349260091781616,0,1,0.967156171798706,-0.0007970567094162107,0.25418367981910706,0,-0.16839605569839478,0.747053861618042,0.6430811285972595,0,-0.1904013603925705,-0.6647629141807556,0.7223830223083496,0,0,0.15814700722694397,0,1
K0.033,0.9990739822387695,0.03782426565885544,0.020518863573670387,0,-0.03393073379993439,0.9857169985771179,-0.1649559587240219,0,-0.02646513842046261,0.1641070395708084,0.9860879778862,0,-0.0014780001947656274,0.5198090076446533,0.014495999552309513,1,0.9977750182151794,-0.06661710888147354,-0.002621811581775546,0,0.06487186998128891,0.9610640406608582,0.26860278844833374,0,-0.015373810194432735,-0.2681751549243927,0.9632468819618225,0,0,0.11168400198221207,-0.009050000458955765,1,0.9999759793281555,-0.006855033338069916,0.0010448646498844028,0,0.006807965692132711,0.9991829991340637,0.039843060076236725,0,-0.0013171355240046978,-0.03983496129512787,0.9992049932479858,0,0,0.13072499632835388,0,1,0.9999750256538391,-0.006927852518856525,0.0010983133688569069,0,0.006879147607833147,0.9991980195045471,0.0394427627325058,0,-0.001370686455629766,-0.03943423181772232,0.9992209672927856,0,0,0.149399995803833,0,1,0.9999639987945557,0.001871056156232953,-0.008260841481387615,0,-0.0009889437351375818,0.9944159984588623,0.10552193224430084,0,0.008412158116698265,-0.10551006346940994,0.9943830370903015,0,0,0.16807499527931213,0,1,0.9965609908103943,0.04609822854399681,-0.06885191053152084,0,-0.06420575827360153,0.9548698663711548,-0.2900013029575348,0,0.05237608402967453,0.2934247553348541,0.9545460343360901,0,0,0.0061039999127388,0.0017030000453814864,1,0.224056214094162,0.03464184328913689,-0.9739599823951721,0,0.8905131816864014,-0.41331082582473755,0.19015896320343018,0,-0.3959609568119049,-0.9099311232566833,-0.12345404177904129,0,0.07132100313901901,0.14723099768161774,-0.0013689999468624592,1,0.9365321397781372,0.2872987687587738,0.20091602206230164,0,-0.35005220770835876,0.7348237037658691,0.5809452533721924,0,0.019266992807388306,-0.6144047379493713,0.7887551784515381,0,0,0.14694300293922424,0,1,0.5467319488525391,0.8355900049209595,0.053605373948812485,0,-0.8367650508880615,0.5429519414901733,0.07090619206428528,0,0.03014337457716465,-0.0836218073964119,0.996042013168335,0,0,0.33110299706459045,0,1,0.7970028519630432,0.2834351658821106,-0.5333401560783386,0,-0.36442580819129944,0.9298660755157471,-0.05042119324207306,0,0.4816438853740692,0.23454879224300385,0.8443971276283264,0,0,0.2636969983577728,0,1,0.937769889831543,0.22465230524539948,-0.2648012638092041,0,-0.0937897115945816,0.8980631828308105,0.4297516644001007,0,0.3343527019023895,-0.37817227840423584,0.863245964050293,0,-0.03330399841070175,0.04249899834394455,0.013031999580562115,1,0.9454140663146973,-0.32370999455451965,-0.03748109191656113,0,0.32215604186058044,0.9111071825027466,0.2570986747741699,0,-0.04907608777284622,-0.2551392912864685,0.9656579494476318,0,-0.005801999941468239,0.04405499994754791,0,1,0.9816130995750427,0.1813584715127945,-0.05953788384795189,0,-0.18279549479484558,0.9829558730125427,-0.019602080807089806,0,0.05496811866760254,0.03012492135167122,0.9980340600013733,0,-0.0008570000063627958,0.048542000353336334,0,1,0.9366940855979919,-0.3487856984138489,-0.030874205753207207,0,0.2321302741765976,0.5525458455085754,0.8005049824714661,0,-0.26214519143104553,-0.7569949626922607,0.5985299944877625,0,-0.0277670007199049,0.11156299710273743,-0.0023719999007880688,1,0.9979499578475952,-0.06134415417909622,-0.01826220378279686,0,0.06139184534549713,0.8367258310317993,0.5441703200340271,0,-0.018101200461387634,-0.5441756248474121,0.838776171207428,0,0.00019700000120792538,0.04518600180745125,0,1,0.9998490214347839,-0.01714770682156086,-0.0027019353583455086,0,0.01731429249048233,0.9739060401916504,0.22629068791866302,0,-0.0012489353539422154,-0.2263033092021942,0.9740559458732605,0,-0.00021300000662449747,0.04158100113272667,0,1,0.9533509016036987,-0.30138128995895386,-0.017076192423701286,0,0.23242472112178802,0.6967737674713135,0.6785904169082642,0,-0.19261619448661804,-0.6509036421775818,0.7343182563781738,0,0.0277670007199049,0.10746400058269501,-0.003360999980941415,1,0.9992939829826355,-0.03685297816991806,-0.007310019806027412,0,0.03521501645445824,0.8509178161621094,0.5241162180900574,0,-0.01309501938521862,-0.5240037441253662,0.8516151309013367,0,0.0000940000027185306,0.048544999212026596,0,1,0.9987900257110596,-0.048279933631420135,-0.009353183209896088,0,0.048431072384119034,0.9326611161231995,0.357488751411438,0,-0.008536183275282383,-0.35750919580459595,0.9338708519935608,0,0.00029299999005161226,0.04197299852967262,0,1,0.25699400901794434,-0.028677748516201973,0.965988039970398,0,-0.8466449975967407,-0.48865386843681335,0.21073678135871887,0,0.4659898579120636,-0.8720061182975769,-0.14986082911491394,0,-0.07132100313901901,0.14728300273418427,-0.002004999900236726,1,0.8137198686599731,-0.5347231030464172,-0.22788207232952118,0,0.5716629028320312,0.6652852296829224,0.480204701423645,0,-0.10517004877328873,-0.521024227142334,0.8470377922058105,0,0,0.14694300293922424,0,1,0.7927981615066528,-0.6086597442626953,-0.03170362859964371,0,0.6094352006912231,0.7909958958625793,0.05399087071418762,0,-0.007784627843648195,-0.06212512403726578,0.9980379939079285,0,0,0.33115899562835693,0,1,0.8494480848312378,-0.3453003168106079,0.3990056812763214,0,0.2888846695423126,0.9370951056480408,0.19595392048358917,0,-0.44156935811042786,-0.05118607357144356,0.8957659006118774,0,0,0.26368600130081177,0,1,0.9382570385932922,-0.12055268883705139,0.3242560029029846,0,0.07234232127666473,0.9849669337272644,0.1568659096956253,0,-0.3382920026779175,-0.12372308224439621,0.932873010635376,0,0.03561900183558464,0.04505300149321556,0.014945999719202518,1,0.9687770009040833,0.16075685620307922,0.18875618278980255,0,-0.22555816173553467,0.8875160217285156,0.4017949104309082,0,-0.10293283313512802,-0.43182510137557983,0.8960649967193604,0,0.009889000095427036,0.046434998512268066,0,1,0.9117739200592041,-0.19773879647254944,-0.3599560856819153,0,0.25740018486976624,0.9580969214439392,0.12567605078220367,0,0.3200218677520752,-0.2072409689426422,0.9244660139083862,0,-0.000666000007186085,0.046466998755931854,0,1,0.9391661286354065,0.34099286794662476,0.041125573217868805,0,-0.2656581401824951,0.6452943086624146,0.7162547707557678,0,0.2176995724439621,-0.6836073398590088,0.696625828742981,0,0.024302000179886818,0.10767599940299988,-0.0027620000764727592,1,0.99652099609375,0.07947777211666107,0.025076067075133324,0,-0.07918323576450348,0.8091049790382385,0.5823039412498474,0,0.02599106915295124,-0.5822640657424927,0.8125839233398438,0,-0.00023400000645779073,0.04715700075030327,0,1,0.9991730451583862,0.040022190660238266,0.007224913686513901,0,-0.04028680920600891,0.9497370719909668,0.31044483184814453,0,0.00556291313841939,-0.31047913432121277,0.950563907623291,0,0.00010699999984353781,0.042552001774311066,0,1,0.9501339793205261,0.3112771213054657,0.018789038062095642,0,-0.24065889418125153,0.693597137928009,0.678973913192749,0,0.19831706583499908,-0.6496380567550659,0.7339219450950623,0,-0.024302000179886818,0.10817400366067886,-0.006271000020205975,1,0.9986550211906433,0.0504661500453949,0.011888398788869381,0,-0.050439849495887756,0.8925890326499939,0.4480399787425995,0,0.011999399401247501,-0.4480370283126831,0.8939340114593506,0,0.000052999999752501026,0.04823099821805954,0,1,0.9998189806938171,0.019012000411748886,0.0007023841026239097,0,-0.01899299956858158,0.9953190088272095,0.0947549045085907,0,0.0011023841798305511,-0.09475109726190567,0.9955000281333923,0,-0.00011899999663000926,0.04431900009512901,0,1,-0.967380940914154,-0.028213147073984146,0.2517509460449219,0,0.25171685218811035,-0.21891094744205475,0.9427170157432556,0,0.02851405180990696,0.9753369092941284,0.21887217462062836,0,0.0897890031337738,-0.062185999006032944,-0.016467999666929245,1,0.9757701754570007,-0.18164877593517303,0.12196947634220123,0,0.13033023476600647,0.0347796231508255,-0.9908599853515625,0,0.17574647068977356,0.9827480912208557,0.05761125311255455,0,0,0.3986560106277466,0,1,0.9813659191131592,0.10659007728099823,-0.15987429022789001,0,0.050457075238227844,0.6598809361457825,0.7496740818023682,0,0.18540573120117188,-0.7437710165977478,0.6422061324119568,0,0,0.3349359929561615,0,1,0.9672940373420715,0,-0.25365784764289856,0,0.16739849746227264,0.7513180375099182,0.6383558511734009,0,0.1905781477689743,-0.6599401831626892,0.7267457842826843,0,0,0.15895000100135803,0,1,-0.9881690740585327,0.004120004363358021,-0.15331077575683594,0,-0.15123900771141052,-0.19209471344947815,0.9696531295776367,0,-0.02545521967113018,0.9813680052757263,0.1904451847076416,0,-0.0897890031337738,-0.062185999006032944,-0.0193099994212389,1,0.987259030342102,-0.1485201120376587,-0.05711108446121216,0,-0.06132112070918083,-0.023920074105262756,-0.9978309869766235,0,0.14683189988136292,0.9886199235916138,-0.03272273391485214,0,0,0.3985320031642914,0,1,0.9850710034370422,-0.1179768443107605,0.12536786496639252,0,-0.030110841616988182,0.5989420413970947,0.8002259135246277,0,-0.16949616372585297,-0.7920541167259216,0.5864478349685669,0,0,0.3349260091781616,0,1,0.967155933380127,-0.0007968774298205972,0.2541831135749817,0,-0.16839586198329926,0.7470539212226868,0.6430810689926147,0,-0.1904008984565735,-0.6647628545761108,0.7223832011222839,0,0,0.15814700722694397,0,1
K0.067,0.9990730285644531,0.03782960772514343,0.020526019856333733,0,-0.0339403860270977,0.9857510328292847,-0.1647496223449707,0,-0.02646597847342491,0.16390036046504974,0.9861219525337219,0,-0.0015009997878223658,0.5198119878768921,0.014523999765515327,1,0.9977749586105347,-0.06662292778491974,-0.002596946433186531,0,0.06487606465816498,0.961155891418457,0.26827114820480347,0,-0.01537694688886404,-0.2678428292274475,0.9633400440216064,0,0,0.11168400198221207,-0.009050000458955765,1,0.9999759793281555,-0.006856076885014772,0.0010378010338172317,0,0.006807923316955566,0.9991410374641418,0.04088203236460686,0,-0.0013171990867704153,-0.04087395220994949,0.9991629719734192,0,0,0.13072499632835388,0,1,0.9999750256538391,-0.006927791051566601,0.0010992037132382393,0,0.006879210472106934,0.999203085899353,0.03932977095246315,0,-0.0013707963516935706,-0.039321232587099075,0.999225914478302,0,0,0.149399995803833,0,1,0.9999639987945557,0.001870997017249465,-0.008260972797870636,0,-0.0009910028893500566,0.9944429993629456,0.10526999086141586,0,0.00841202586889267,-0.10525801032781601,0.9944090247154236,0,0,0.16807499527931213,0,1,0.9965639710426331,0.046010952442884445,-0.0688716247677803,0,-0.06407904624938965,0.9551489949226379,-0.2891111671924591,0,0.052480366080999374,0.2925308644771576,0.9548150300979614,0,0,0.0061039999127388,0.0017030000453814864,1,0.22378262877464294,0.03467169404029846,-0.9740220904350281,0,0.8905391097068787,-0.41338014602661133,0.18988750874996185,0,-0.3960576057434082,-0.9098982214927673,-0.12338382005691528,0,0.07132100313901901,0.14723099768161774,-0.0013689999468624592,1,0.9364460706710815,0.2874966859817505,0.20103289186954498,0,-0.35028529167175293,0.7349137663841248,0.5806910991668701,0,0.019204916432499886,-0.6142047643661499,0.7889131307601929,0,0,0.14694300293922424,0,1,0.546082079410553,0.8360109925270081,0.053659889847040176,0,-0.8371870517730713,0.5422968864440918,0.0709410235285759,0,0.030207885429263115,-0.0836629718542099,0.9960359930992126,0,0,0.33110299706459045,0,1,0.7970299124717712,0.2832238972187042,-0.5334110260009766,0,-0.3642520010471344,0.9299299120903015,-0.05050773546099663,0,0.4817299544811249,0.234552264213562,0.8443469405174255,0,0,0.2636969983577728,0,1,0.9377700090408325,0.22465190291404724,-0.264801949262619,0,-0.09378911554813385,0.8980629444122314,0.42975109815597534,0,0.3343530595302582,-0.3781719505786896,0.863245964050293,0,-0.03330399841070175,0.04249899834394455,0.013031999580562115,1,0.9454140663146973,-0.32370999455451965,-0.03748109191656113,0,0.32215604186058044,0.9111071825027466,0.2570986747741699,0,-0.04907608777284622,-0.2551392912864685,0.9656579494476318,0,-0.005801999941468239,0.04405499994754791,0,1,0.9816129803657532,0.18135906755924225,-0.059537891298532486,0,-0.1827959567308426,0.9829550385475159,-0.019602058455348015,0,0.05496811121702194,0.030124947428703308,0.9980340600013733,0,-0.0008570000063627958,0.048542000353336334,0,1,0.9366939663887024,-0.3487851619720459,-0.030873967334628105,0,0.23212985694408417,0.5525460839271545,0.8005049824714661,0,-0.26214495301246643,-0.7569949626922607,0.5985300540924072,0,-0.0277670007199049,0.11156299710273743,-0.0023719999007880688,1,0.9979499578475952,-0.06134415417909622,-0.01826220378279686,0,0.06139184534549713,0.8367258310317993,0.5441703200340271,0,-0.018101200461387634,-0.5441756248474121,0.838776171207428,0,0.00019700000120792538,0.04518600180745125,0,1,0.9998490214347839,-0.017147710546851158,-0.0027019314002245665,0,0.01731429062783718,0.9739059209823608,0.22629016637802124,0,-0.0012489313958212733,-0.2263028472661972,0.97405606508255,0,-0.00021300000662449747,0.04158100113272667,0,1,0.9533509016036987,-0.30138128995895386,-0.017076192423701286,0,0.23242472112178802,0.6967737674713135,0.6785904169082642,0,-0.19261619448661804,-0.6509036421775818,0.7343182563781738,0,0.0277670007199049,0.10746400058269501,-0.003360999980941415,1,0.9992939829826355,-0.03685297816991806,-0.007310019806027412,0,0.03521501645445824,0.8509178161621094,0.5241162180900574,0,-0.01309501938521862,-0.5240037441253662,0.8516151309013367,0,0.0000940000027185306,0.048544999212026596,0,1,0.9987900257110596,-0.048279933631420135,-0.009353183209896088,0,0.048431072384119034,0.9326611161231995,0.357488751411438,0,-0.008536183275282383,-0.35750919580459595,0.9338708519935608,0,0.00029299999005161226,0.04197299852967262,0,1,0.2568119466304779,-0.02870834618806839,0.966035008430481,0,-0.8467608690261841,-0.48851707577705383,0.2105863243341446,0,0.4658791124820709,-0.8720818161964417,-0.14976611733436584,0,-0.07132100313901901,0.14728300273418427,-0.002004999900236726,1,0.8137638568878174,-0.5345081686973572,-0.22823211550712585,0,0.5716658234596252,0.665299117565155,0.48018309473991394,0,-0.10481912642717361,-0.5212279558181763,0.8469560742378235,0,0,0.14694300293922424,0,1,0.7920811772346497,-0.6095888614654541,-0.031767092645168304,0,0.6103651523590088,0.7902718782424927,0.054073721170425415,0,-0.0078580928966403,-0.06222028285264969,0.9980310201644897,0,0,0.33115899562835693,0,1,0.8494240641593933,-0.34492695331573486,0.3993808627128601,0,0.28842106461524963,0.9372259378433228,0.19601015746593475,0,-0.44191908836364746,-0.05130584537982941,0.8955860137939453,0,0,0.26368600130081177,0,1,0.9382570385932922,-0.12055259197950363,0.3242550194263458,0,0.0723424032330513,0.9849669337272644,0.15686587989330292,0,-0.3382909595966339,-0.123723104596138,0.932873010635376,0,0.03561900183558464,0.04505300149321556,0.014945999719202518,1,0.9687770009040833,0.1607569307088852,0.18875613808631897,0,-0.2255580723285675,0.8875158429145813,0.40179434418678284,0,-0.102932870388031,-0.431824654340744,0.8960651755332947,0,0.009889000095427036,0.046434998512268066,0,1,0.9117738008499146,-0.19773925840854645,-0.3599560856819153,0,0.2574007213115692,0.9580970406532288,0.1256759613752365,0,0.3200218081474304,-0.207241028547287,0.9244660139083862,0,-0.000666000007186085,0.046466998755931854,0,1,0.9391659498214722,0.34099334478378296,0.041125766932964325,0,-0.2656586766242981,0.6452942490577698,0.7162548303604126,0,0.2176997810602188,-0.6836072206497192,0.6966258883476257,0,0.024302000179886818,0.10767599940299988,-0.0027620000764727592,1,0.9965209364891052,0.07947826385498047,0.02507622353732586,0,-0.07918373495340347,0.8091050386428833,0.5823039412498474,0,0.025991225615143776,-0.5822640061378479,0.8125839829444885,0,-0.00023400000645779073,0.04715700075030327,0,1,0.9991730451583862,0.040022190660238266,0.007224913686513901,0,-0.04028680920600891,0.9497370719909668,0.31044483184814453,0,0.00556291313841939,-0.31047913432121277,0.950563907623291,0,0.00010699999984353781,0.042552001774311066,0,1,0.9501339793205261,0.3112771213054657,0.018789038062095642,0,-0.24065889418125153,0.693597137928009,0.678973913192749,0,0.19831706583499908,-0.6496380567550659,0.7339219450950623,0,-0.024302000179886818,0.10817400366067886,-0.006271000020205975,1,0.9986550211906433,0.050466012209653854,0.011888887733221054,0,-0.0504399910569191,0.8925899267196655,0.4480401873588562,0,0.011998888105154037,-0.4480368494987488,0.8939341306686401,0,0.000052999999752501026,0.04823099821805954,0,1,0.9998189806938171,0.019012000411748886,0.0007023841026239097,0,-0.01899299956858158,0.9953190088272095,0.0947549045085907,0,0.0011023841798305511,-0.09475109726190567,0.9955000281333923,0,-0.00011899999663000926,0.04431900009512901,0,1,-0.9673810005187988,-0.028160186484456062,0.2517561614513397,0,0.2517158091068268,-0.21872825920581818,0.9427600502967834,0,0.028517872095108032,0.9753790497779846,0.21868181228637695,0,0.0897890031337738,-0.062185999006032944,-0.016467999666929245,1,0.9757700562477112,-0.1816469430923462,0.12196847796440125,0,0.13033105432987213,0.034789830446243286,-0.9908599257469177,0,0.1757434904575348,0.9827480316162109,0.05762113258242607,0,0,0.3986560106277466,0,1,0.981365978717804,0.10658732056617737,-0.15987499058246613,0,0.0504603236913681,0.6598771214485168,0.7496768832206726,0,0.1854040026664734,-0.7437750697135925,0.6422028541564941,0,0,0.3349359929561615,0,1,0.9672940373420715,0,-0.2536577880382538,0,0.16739852726459503,0.7513188719749451,0.6383560299873352,0,0.19057819247245789,-0.6599398851394653,0.7267460823059082,0,0,0.15895000100135803,0,1,-0.9881710410118103,0.004075819160789251,-0.15330418944358826,0,-0.15122917294502258,-0.1918938308954239,0.9696940183639526,0,-0.025465812534093857,0.9814069271087646,0.19024015963077545,0,-0.0897890031337738,-0.062185999006032944,-0.0193099994212389,1,0.9872568249702454,-0.1485336869955063,-0.057113178074359894,0,-0.06132270023226738,-0.023913128301501274,-0.9978320002555847,0,0.14684580266475677,0.9886180758476257,-0.032716862857341766,0,0,0.3985320031642914,0,1,0.9850599765777588,-0.11806362122297287,0.12536907196044922,0,-0.030058616772294044,0.5989468097686768,0.8002241849899292,0,-0.16956691443920135,-0.7920379042625427,0.5864501595497131,0,0,0.3349260091781616,0,1,0.967155933380127,-0.0007968774298205972,0.2541831135749817,0,-0.16839586198329926,0.7470539212226868,0.6430810689926147,0,-0.1904008984565735,-0.6647628545761108,0.7223832011222839,0,0,0.15814700722694397,0,1
